_,_,_,_,
0,1,0,0
0,0,0,1
0,0,0,1
0,0,0,1
0,0,1,0
0,1,0,0
1,0,0,0
_,_,_,_,
_,_,_,_,
_,_,_,_,
_,_,_,_,
0,1,1,0
1,1,0,0
1,1,0,0
1,0,1,0
0,1,1,0
_,_,_,_,
0,1,1,0
0,1,0,9
10,0,0,0
7,0,0,0
0,0,0,7
7,0,0,0
0,0,0,7
7,0,0,0
0,0,0,2
0,0,0,2
0,5,3,0
0,7,0,1
0,2,0,6
0,3,0,5
0,3,0,5
3,0,5,0
3,0,0,0
0,1,0,2
2,0,0,0
2,0,0,0
1,0,1,0
2,0,0,0
0,1,1,0
1,0,1,0
3,0,1,0
0,1,3,0
1,0,0,3
0,1,0,3
1,0,0,3
0,3,1,0
2,0,0,0
1,0,0,1
2,0,0,0
0,0,0,2
0,2,0,1
2,0,1,0
0,1,2,0
0,1,0,2
0,0,1,1
1,0,1,0
1,0,1,0
1,0,1,0
0,2,0,0
0,1,0,1
0,0,2,0
1,0,0,1
3,0,0,0
0,0,0,3
1,0,2,0
0,0,3,0
_,_,_,_,
_,_,_,_,
_,_,_,_,
0,0,0,1
0,0,1,0
0,1,0,0
0,0,1,0
0,0,0,1
0,0,0,1
1,0,1,0
1,0,1,0
_,_,_,_,
_,_,_,_,
_,_,_,_,
1,0,1,0
_,_,_,_,
_,_,_,_,
_,_,_,_,
_,_,_,_,
_,_,_,_,
0,1,0,1
1,0,1,0
1,0,1,0
1,1,0,0
0,1,0,1
0,0,1,1
1,0,1,0
1,0,1,0
0,1,0,1
0,1,1,0
0,1,0,1
0,1,0,1
0,0,1,1
1,0,1,0
0,1,0,0
0,1,0,1
_,_,_,_,
0,1,1,0
0,1,0,1
0,1,0,1
0,0,0,1
0,0,1,0
0,0,0,1
0,1,0,0
_,_,_,_,
0,0,1,1
0,0,0,1
0,0,1,0
0,1,1,0
0,0,1,1
_,_,_,_,
_,_,_,_,
0,1,0,1
0,1,0,1
1,0,1,0
0,1,0,1
1,0,0,1
1,0,1,0
1,1,0,0
0,0,1,0
1,1,0,0
0,1,0,1
1,0,1,0
0,1,0,1
1,0,1,0
0,1,0,1
0,1,0,1
1,0,0,1
1,0,1,0
_,_,_,_,
_,_,_,_,
_,_,_,_,
_,_,_,_,
1,1,0,0
0,1,0,1
1,0,1,0
1,0,1,0
1,0,0,1
1,1,0,0
0,1,0,1
1,0,0,1
1,1,0,0
0,0,0,1
_,_,_,_,
_,_,_,_,
_,_,_,_,
_,_,_,_,
_,_,_,_,
1,0,1,0
1,0,1,0
0,1,0,1
1,0,1,0
0,1,0,1
1,0,1,0
1,0,0,1
1,0,1,0
0,0,0,1
_,_,_,_,
_,_,_,_,
0,0,1,1
0,1,0,1
_,_,_,_,
0,0,2,0
2,0,0,0
1,0,1,0
0,1,0,0
0,0,0,1
1,0,0,0
0,1,0,0
0,0,1,0
0,0,1,0
1,0,0,0
0,1,0,0
1,0,1,0
1,0,1,0
0,1,0,1
0,1,0,1
1,0,1,0
0,1,0,1
_,_,_,_,
_,_,_,_,
_,_,_,_,
1,1,0,0
1,1,0,0
1,0,1,0
0,0,1,1
1,0,1,0
_,_,_,_,
_,_,_,_,
_,_,_,_,
0,1,0,1
0,1,0,1
1,1,0,0
_,_,_,_,
0,1,0,1
0,1,0,1
_,_,_,_,
_,_,_,_,
_,_,_,_,
_,_,_,_,
_,_,_,_,
_,_,_,_,
0,1,0,1
1,1,0,0
1,0,0,1
1,0,1,0
0,1,0,1
0,0,1,1
0,0,1,0
0,0,0,1
1,0,0,0
0,1,0,0
1,0,0,0
0,0,1,0
0,1,0,0
1,0,0,0
0,0,0,1
_,_,_,_,
_,_,_,_,
_,_,_,_,
_,_,_,_,
1,0,1,0
0,1,1,0
1,0,0,1
1,0,1,0
1,0,1,0
1,0,1,0
1,0,0,1
_,_,_,_,
_,_,_,_,
0,1,0,1
1,0,0,1
1,1,0,0
1,0,1,0
1,0,0,1
0,1,0,1
0,1,0,0
0,1,0,0
1,0,0,0
0,0,0,1
0,0,0,1
0,0,1,0
0,0,0,1
1,0,0,0
_,_,_,_,
_,_,_,_,
_,_,_,_,
_,_,_,_,
_,_,_,_,
0,1,0,0
1,0,0,0
0,1,0,0
0,0,0,1
0,1,0,0
0,1,0,0
0,0,0,1
0,1,0,0
0,1,0,0
_,_,_,_,
_,_,_,_,
_,_,_,_,
0,0,1,0
0,0,0,1
_,_,_,_,
0,0,25,0
0,0,0,25
0,25,0,0
0,0,0,5
7,0,0,0
0,3,0,0
3,0,0,0
0,1,0,2
3,0,0,0
0,1,0,2
0,0,0,1
0,0,1,0
1,0,1,0
2,0,0,0
0,0,2,0
0,0,2,0
0,0,2,0
0,0,0,2
1,0,1,0
0,1,0,0
1,0,0,0
0,0,1,0
0,0,0,1
1,0,1,0
0,0,2,0
1,0,0,1
0,1,1,0
2,0,0,0
2,0,0,0
0,1,0,1
0,1,0,0
1,0,0,0
0,0,1,0
0,1,0,0
_,_,_,_,
0,1,0,0
0,0,1,1
0,1,0,1
2,0,0,0
1,0,1,0
1,0,0,1
1,0,1,0
0,0,1,1
0,1,0,1
1,1,0,0
0,1,1,0
1,0,0,1
0,1,0,1
0,0,1,1
0,1,0,1
0,0,2,0
0,0,2,0
1,0,0,0
0,1,1,0
1,0,0,1
0,1,0,1
0,0,2,0
1,1,0,0
0,1,1,0
0,1,0,1
1,1,0,0
_,_,_,_,
_,_,_,_,
_,_,_,_,
_,_,_,_,
_,_,_,_,
_,_,_,_,
1,0,1,0
0,1,0,1
0,1,0,1
0,1,0,1
1,0,1,0
1,0,1,0
_,_,_,_,
_,_,_,_,
_,_,_,_,
_,_,_,_,
_,_,_,_,
_,_,_,_,
0,1,0,1
0,0,0,1
0,0,1,0
1,0,0,0
1,0,0,1
1,1,0,0
0,1,0,1
0,1,1,0
0,0,1,1
_,_,_,_,
_,_,_,_,
_,_,_,_,
_,_,_,_,
_,_,_,_,
_,_,_,_,
_,_,_,_,
2,0,0,0
_,_,_,_,
_,_,_,_,
_,_,_,_,
0,1,0,1
1,1,0,0
0,1,0,1
0,1,0,0
1,0,1,0
1,0,0,1
1,0,1,0
_,_,_,_,
_,_,_,_,
_,_,_,_,
1,0,1,0
1,0,1,0
1,0,1,0
1,0,1,0
1,0,1,0
0,1,0,0
0,1,0,0
0,0,1,0
0,0,1,0
1,0,0,0
1,0,0,0
0,0,0,1
0,0,0,1
0,0,0,1
0,0,0,1
0,1,0,0
0,1,0,0
1,0,0,0
0,1,0,0
1,0,0,0
1,0,0,0
0,0,0,1
0,1,0,0
_,_,_,_,
_,_,_,_,
0,0,1,0
0,0,1,0
0,0,0,1
1,0,0,0
0,0,1,0
1,0,0,0
0,1,0,0
0,0,1,0
0,0,0,1
0,0,1,0
0,0,1,0
0,19,0,0
16,0,0,0
9,0,0,0
7,0,0,0
7,0,0,0
0,1,0,6
6,0,0,0
6,0,0,0
2,0,2,0
2,0,0,2
0,1,3,0
3,1,0,0
0,2,0,0
1,0,1,0
0,1,0,1
1,1,0,0
0,1,0,1
0,1,0,1
0,0,1,1
0,1,0,1
1,0,1,0
2,1,0,0
2,0,1,0
0,2,0,1
1,0,1,0
0,1,1,0
1,0,1,0
0,0,0,2
1,0,0,0
0,0,0,1
0,1,0,0
0,0,0,1
2,0,1,0
0,2,0,1
1,0,2,0
0,1,0,2
3,0,0,0
0,2,0,1
0,1,0,0
0,1,0,0
1,0,1,0
1,0,0,1
0,1,0,1
1,0,1,0
_,_,_,_,
_,_,_,_,
_,_,_,_,
0,0,0,1
_,_,_,_,
_,_,_,_,
_,_,_,_,
_,_,_,_,
_,_,_,_,
1,0,1,0
0,1,1,0
0,0,2,0
2,0,0,0
0,1,0,1
0,1,0,1
0,1,1,0
1,0,0,1
1,0,1,0
1,0,1,0
0,1,0,1
0,2,0,0
0,2,0,0
_,_,_,_,
_,_,_,_,
0,1,0,1
0,1,0,1
0,1,0,1
0,1,0,1
0,1,0,1
1,0,1,0
1,0,1,0
1,0,0,1
1,1,0,0
0,1,0,1
0,0,1,1
1,0,0,1
_,_,_,_,
_,_,_,_,
_,_,_,_,
1,1,0,0
1,0,0,1
0,1,0,1
1,0,1,0
1,0,0,0
1,0,0,0
0,1,0,1
0,1,0,1
1,0,1,0
1,0,1,0
0,1,1,0
1,0,0,1
0,1,0,1
0,0,1,1
1,0,1,0
0,1,0,1
0,2,0,0
0,0,0,1
_,_,_,_,
_,_,_,_,
_,_,_,_,
0,0,0,1
_,_,_,_,
_,_,_,_,
0,0,0,1
0,0,1,0
_,_,_,_,
0,0,0,1
0,0,0,1
1,0,0,0
5,0,0,0
5,0,0,0
0,8,0,1
0,8,0,1
0,0,3,0
0,0,0,3
0,0,0,3
0,0,0,7
0,0,0,6
0,1,0,5
6,0,0,0
0,0,0,5
5,0,0,0
4,0,0,1
0,7,0,1
0,0,0,5
0,0,0,5
0,0,0,1
0,0,1,0
0,0,1,0
0,0,0,1
1,0,0,2
0,2,0,1
0,1,0,2
2,0,0,0
1,0,0,0
0,2,0,1
0,3,0,0
0,2,0,1
0,1,0,2
0,2,0,1
0,0,0,2
0,1,0,0
1,0,0,0
_,_,_,_,
_,_,_,_,
_,_,_,_,
_,_,_,_,
1,1,0,0
0,0,1,1
1,0,1,0
1,0,1,0
1,1,0,0
1,0,1,0
0,1,0,1
0,1,0,1
0,1,0,1
1,0,0,1
1,0,0,0
1,0,1,0
0,1,0,1
1,0,1,0
1,0,1,0
0,0,1,1
1,0,0,1
1,0,1,0
0,0,1,1
1,0,1,0
0,0,0,1
1,0,0,0
0,0,0,1
1,1,0,0
1,1,0,0
1,0,1,0
_,_,_,_,
_,_,_,_,
_,_,_,_,
1,0,0,0
1,0,1,0
1,0,1,0
1,0,1,0
0,0,1,1
1,0,0,1
1,0,1,0
1,0,0,1
0,1,1,0
0,0,2,0
0,0,1,0
0,0,0,1
0,0,0,2
0,2,0,0
0,2,0,0
1,0,1,0
0,0,1,1
1,1,0,0
_,_,_,_,
_,_,_,_,
1,0,0,0
1,0,0,0
_,_,_,_,
_,_,_,_,
_,_,_,_,
_,_,_,_,
0,0,1,0
0,1,0,0
0,0,0,1
0,1,0,0
0,1,0,0
0,1,0,0
0,0,1,0
0,0,0,1
1,0,0,0
0,1,0,0
_,_,_,_,
0,1,0,0
0,0,1,0
0,1,0,0
105,0,1,0
0,1,0,105
1,0,105,0
0,0,0,105
0,0,105,0
0,0,0,103
0,0,0,101
0,101,0,0
101,0,0,0
0,101,0,0
0,0,97,0
0,0,97,0
95,0,0,1
0,95,0,0
0,1,0,53
0,0,60,1
0,61,0,0
3,0,58,0
60,0,1,0
0,57,0,3
0,0,0,60
1,0,0,59
3,56,0,0
1,0,55,0
56,0,0,0
55,0,0,0
1,53,0,0
53,0,0,0
0,0,53,0
36,0,0,0
36,0,0,0
1,0,34,0
34,0,0,1
0,0,0,35
33,0,0,0
33,0,0,0
0,12,0,0
0,9,0,1
8,0,1,0
8,0,0,0
0,8,0,0
0,3,0,1
4,0,0,0
1,0,2,0
3,0,0,0
1,0,2,0
1,2,0,0
1,0,0,0
0,0,1,0
0,1,0,0
_,_,_,_,
_,_,_,_,
0,1,0,1
1,0,1,0
0,1,0,0
0,0,1,0
0,1,0,0
0,1,0,1
1,1,0,0
0,1,0,1
0,1,0,1
1,0,1,0
1,2,0,0
1,2,0,0
1,0,2,0
2,1,0,0
2,1,0,0
_,_,_,_,
_,_,_,_,
1,0,1,0
_,_,_,_,
_,_,_,_,
1,0,1,0
0,2,0,0
0,1,0,1
1,0,1,0
1,0,0,1
1,0,1,0
2,0,0,0
0,0,2,0
1,0,0,0
0,1,0,0
_,_,_,_,
1,0,1,0
1,0,0,0
_,_,_,_,
_,_,_,_,
_,_,_,_,
_,_,_,_,
1,0,0,0
0,1,0,0
0,1,1,0
0,1,0,1
0,1,0,1
1,0,1,0
0,0,1,1
0,1,0,1
0,1,0,0
0,1,0,0
0,0,0,1
0,0,1,0
0,1,0,0
_,_,_,_,
_,_,_,_,
1,0,0,0
0,1,0,0
28,0,0,0
0,1,0,27
0,0,0,28
28,0,0,0
3,0,0,0
3,0,0,0
0,0,0,1
0,0,1,0
0,1,0,0
0,0,0,1
0,1,0,0
0,0,0,2
0,1,0,2
1,0,0,2
0,0,0,2
2,0,0,0
0,2,0,0
0,0,0,2
1,0,0,0
1,0,1,0
1,0,0,0
0,1,0,0
1,0,2,0
0,2,0,1
0,0,0,1
1,0,0,0
0,0,1,0
0,0,0,2
0,2,0,0
0,0,0,2
0,1,0,1
0,0,1,0
1,0,0,0
1,0,0,0
1,0,1,0
0,0,1,0
0,0,2,0
0,2,0,0
0,0,0,2
1,0,0,0
1,1,0,0
1,0,1,0
1,0,1,0
0,1,0,1
1,0,1,0
0,0,2,0
0,0,1,0
0,1,0,0
0,1,0,1
1,0,0,1
1,1,0,0
0,1,0,1
0,1,0,2
2,0,1,0
0,0,1,2
0,0,0,1
0,0,0,1
0,0,1,0
0,0,1,0
0,0,0,1
0,1,0,0
0,1,0,0
0,0,1,0
0,0,1,0
1,0,0,0
0,1,0,0
1,0,0,0
6,0,0,0
1,0,2,0
0,0,3,0
3,0,0,0
0,2,0,1
0,1,0,2
2,0,1,0
3,0,0,0
1,0,2,0
4,0,0,0
4,0,0,0
4,0,0,0
1,0,3,0
2,0,0,2
0,2,0,2
1,0,0,2
0,1,0,2
1,0,0,2
0,2,1,0
0,3,0,0
0,3,0,0
0,0,1,2
0,0,1,2
1,0,0,2
2,0,1,0
0,1,0,2
0,2,0,1
0,2,0,1
1,0,2,0
2,0,0,0
1,0,4,0
3,0,2,0
0,1,0,0
1,0,2,0
0,2,0,1
0,0,3,1
2,0,0,2
0,0,2,0
2,0,0,1
0,1,0,2
0,2,1,0
1,2,0,0
1,0,1,0
0,2,0,0
0,0,0,1
0,1,0,0
0,0,1,0
1,0,0,0
0,1,0,0
1,0,1,0
0,0,1,1
0,1,0,1
_,_,_,_,
_,_,_,_,
_,_,_,_,
_,_,_,_,
_,_,_,_,
_,_,_,_,
1,1,0,0
1,0,0,1
0,1,0,1
0,1,0,1
1,0,1,0
1,0,1,0
1,1,0,0
1,0,1,0
0,0,1,0
_,_,_,_,
_,_,_,_,
1,0,1,0
1,0,1,0
0,1,0,1
0,0,2,0
_,_,_,_,
0,1,0,1
1,0,1,0
1,0,1,0
_,_,_,_,
_,_,_,_,
_,_,_,_,
_,_,_,_,
0,1,0,0
0,1,0,0
_,_,_,_,
_,_,_,_,
0,1,0,0
0,0,1,0
0,0,0,1
1,0,11,0
11,0,0,0
0,0,0,9
5,0,0,0
0,0,5,0
4,0,0,0
1,0,3,0
1,3,0,0
0,1,0,3
0,0,4,0
3,1,0,0
0,0,0,4
0,0,1,3
3,0,1,0
1,0,3,0
0,1,0,3
1,0,0,3
0,2,0,2
2,0,2,0
2,0,1,0
1,0,2,0
0,1,0,2
2,0,1,0
3,0,1,0
0,0,2,1
2,0,1,0
2,0,1,0
1,0,2,0
1,2,0,0
0,0,2,0
1,0,0,0
1,0,1,0
0,0,3,0
0,3,0,0
0,3,0,0
0,0,0,3
0,2,0,0
0,0,0,2
0,3,0,1
0,3,1,0
0,0,3,1
3,0,1,0
0,0,1,3
1,3,0,0
0,0,2,2
0,0,0,2
0,0,0,1
1,0,2,0
0,0,0,2
0,1,0,0
0,1,0,0
1,0,0,0
0,1,0,0
0,1,0,1
1,0,0,1
0,1,0,1
0,1,0,2
0,1,0,0
1,0,0,0
0,0,0,1
_,_,_,_,
_,_,_,_,
_,_,_,_,
_,_,_,_,
_,_,_,_,
_,_,_,_,
0,1,0,1
_,_,_,_,
_,_,_,_,
_,_,_,_,
0,1,0,1
1,0,1,0
_,_,_,_,
_,_,_,_,
_,_,_,_,
_,_,_,_,
_,_,_,_,
0,0,0,2
1,0,1,0
0,1,0,1
0,0,1,1
1,0,1,0
1,0,1,0
1,1,0,0
0,1,0,1
1,0,1,0
0,0,1,1
1,0,1,0
0,0,0,1
0,1,0,0
1,0,0,0
0,0,0,1
0,1,1,0
0,0,0,2
1,0,1,0
0,0,1,0
0,0,1,0
0,0,0,1
0,0,1,0
0,1,0,1
0,0,0,1
0,0,1,0
0,0,0,1
1,0,0,0
0,0,1,0
_,_,_,_,
0,0,0,1
_,_,_,_,
_,_,_,_,
_,_,_,_,
_,_,_,_,
_,_,_,_,
0,0,1,0
0,1,0,0
0,1,0,0
0,10,0,0
0,0,0,6
_,_,_,_,
_,_,_,_,
0,2,0,0
0,0,0,2
1,1,0,0
1,0,0,2
0,1,0,1
0,1,0,1
0,1,1,0
0,1,1,0
0,1,0,1
_,_,_,_,
_,_,_,_,
_,_,_,_,
1,0,1,0
1,0,1,0
0,0,1,0
0,0,2,0
1,0,1,0
0,2,0,0
0,1,0,162
0,162,0,1
162,1,0,0
163,0,0,0
0,0,163,0
1,0,162,0
0,0,163,0
20,143,0,0
0,0,0,163
159,4,0,0
163,0,0,0
162,0,1,0
0,0,0,163
1,0,162,0
1,0,162,0
0,0,0,163
160,0,3,0
0,0,0,163
160,0,3,0
2,160,1,0
0,160,0,3
10,0,153,0
1,0,161,1
2,157,0,4
1,1,0,161
4,158,0,1
158,2,3,0
163,0,0,0
163,0,0,0
0,0,162,1
0,1,0,162
0,161,0,2
0,162,0,1
163,0,0,0
162,0,0,1
1,0,161,0
2,0,157,3
161,0,0,1
162,0,0,0
162,0,0,0
0,0,1,161
0,0,0,162
4,158,0,0
0,1,2,159
1,0,160,0
161,0,0,0
0,0,155,6
0,160,0,1
0,159,0,1
1,1,0,158
159,0,1,0
0,0,0,160
160,0,0,0
0,0,0,160
3,0,155,0
155,0,0,0
1,144,0,8
0,143,0,10
0,1,0,0
_,_,_,_,
0,0,0,8
0,0,0,7
0,4,0,0
0,0,5,0
0,1,0,2
1,0,0,2
1,0,1,0
0,1,0,1
1,0,1,0
1,0,1,0
0,1,0,1
2,0,0,0
0,1,0,1
0,1,1,0
1,0,0,1
1,1,0,0
0,1,0,1
1,0,0,0
_,_,_,_,
_,_,_,_,
_,_,_,_,
0,0,0,1
0,0,0,30
0,0,0,30
0,0,1,0
0,1,0,0
0,0,0,1
1,0,0,0
_,_,_,_,
1,0,1,0
0,0,2,0
1,0,1,0
0,1,0,1
1,1,0,0
1,1,0,0
1,0,0,1
1,0,1,0
3,0,0,1
3,0,1,0
0,1,0,3
3,1,0,0
_,_,_,_,
1,1,0,0
1,0,0,1
0,1,0,1
1,0,0,1
0,1,0,1
0,2,0,0
0,1,1,0
1,0,1,0
1,1,0,0
1,0,1,0
0,1,0,1
1,0,0,1
0,1,0,1
0,1,0,1
1,0,1,0
0,1,0,1
_,_,_,_,
_,_,_,_,
_,_,_,_,
2,0,0,0
1,0,0,1
1,0,1,0
1,0,0,1
0,1,1,0
0,1,0,1
1,0,1,0
1,1,0,0
1,2,0,0
2,0,1,0
1,2,0,0
1,1,0,0
_,_,_,_,
_,_,_,_,
2,0,0,0
1,0,1,0
1,0,1,0
0,0,0,1
0,1,0,0
0,0,1,0
_,_,_,_,
0,0,1,0
0,0,1,0
0,1,0,0
0,0,0,1
0,1,0,1
0,1,0,1
0,0,0,2
2,0,0,0
0,0,0,2
0,2,0,0
0,1,0,1
1,0,0,0
0,1,0,0
0,0,0,1
0,0,1,0
1,0,0,0
0,1,0,2
0,0,1,0
0,0,1,0
0,0,0,1
1,0,0,0
1,0,0,0
0,0,1,0
0,0,0,2
2,0,0,0
1,0,0,0
0,1,0,0
0,0,1,0
1,0,0,0
0,0,0,1
1,0,0,0
_,_,_,_,
1,0,1,0
1,0,0,1
0,1,0,1
1,0,0,0
1,0,0,0
1,1,0,0
0,1,0,1
0,0,0,2
0,0,0,2
0,0,2,0
0,2,0,0
0,1,0,1
0,0,2,0
1,0,0,1
0,0,1,0
0,0,0,1
0,1,0,1
0,1,1,0
0,1,0,0
0,0,0,1
0,1,0,0
_,_,_,_,
_,_,_,_,
_,_,_,_,
_,_,_,_,
_,_,_,_,
0,0,0,2
0,2,0,0
1,0,2,0
0,0,1,2
1,0,2,0
0,0,1,0
0,0,1,0
0,0,1,0
0,1,0,0
0,1,0,0
0,0,0,1
1,0,1,0
0,0,1,0
0,0,1,0
1,0,0,0
0,0,1,0
0,0,1,1
0,2,0,0
0,2,0,0
0,1,0,1
0,0,1,0
_,_,_,_,
_,_,_,_,
0,0,0,1
1,0,0,0
0,0,1,0
0,0,1,0
12,0,0,0
14,0,0,0
0,0,0,14
0,0,0,14
0,0,0,13
1,0,0,3
0,2,0,1
0,2,1,0
0,2,0,1
_,_,_,_,
_,_,_,_,
1,0,1,0
0,1,0,1
0,1,0,1
0,1,0,1
_,_,_,_,
_,_,_,_,
_,_,_,_,
1,0,1,0
2,0,0,0
0,0,1,0
1,0,0,1
0,1,0,1
0,0,2,0
2,0,0,0
_,_,_,_,
_,_,_,_,
0,0,0,1
0,1,0,0
1,1,0,0
1,0,1,0
0,0,0,2
1,0,1,0
1,0,1,0
0,1,1,0
1,0,1,0
1,1,0,0
1,0,0,0
_,_,_,_,
1,0,0,0
0,0,1,0
0,1,0,2
0,0,2,0
0,1,0,0
0,1,0,1
0,0,1,1
0,2,0,0
0,1,1,0
1,0,1,0
0,1,0,1
0,0,2,0
0,0,2,0
0,0,1,1
1,0,1,0
_,_,_,_,
0,0,0,1
1,0,0,0
0,1,0,0
0,0,1,0
1,0,0,0
0,1,0,0
0,1,0,0
0,1,0,1
_,_,_,_,
_,_,_,_,
0,2,0,0
0,1,0,0
10,0,0,0
0,10,0,0
0,0,8,0
0,0,0,8
0,0,0,6
0,0,0,2
0,0,0,2
0,2,0,0
0,5,0,0
0,1,0,4
1,2,0,0
0,2,0,1
0,1,0,2
0,1,2,0
1,0,0,0
0,1,0,0
0,0,0,1
0,0,0,1
0,0,1,0
1,0,0,0
_,_,_,_,
0,1,0,1
1,0,1,0
_,_,_,_,
_,_,_,_,
1,0,0,2
1,1,0,0
0,1,0,1
0,0,2,0
2,0,0,0
0,2,0,0
2,0,0,0
_,_,_,_,
_,_,_,_,
_,_,_,_,
_,_,_,_,
0,1,0,1
0,1,0,1
0,0,1,0
0,0,0,1
0,0,0,1
0,0,0,1
_,_,_,_,
_,_,_,_,
_,_,_,_,
0,2,1,0
1,0,2,0
0,2,0,1
0,0,1,0
1,0,0,0
0,0,1,0
_,_,_,_,
_,_,_,_,
_,_,_,_,
0,0,1,2
0,0,1,2
0,1,2,0
3,0,0,0
0,2,0,1
1,0,2,0
0,2,0,0
0,0,2,0
0,0,1,1
_,_,_,_,
_,_,_,_,
_,_,_,_,
0,0,0,1
0,0,0,1
0,0,1,0
0,1,0,0
_,_,_,_,
_,_,_,_,
_,_,_,_,
_,_,_,_,
_,_,_,_,
_,_,_,_,
_,_,_,_,
_,_,_,_,
_,_,_,_,
_,_,_,_,
1,0,1,0
1,0,1,0
1,0,1,0
0,2,0,0
0,0,1,1
2,0,0,0
_,_,_,_,
_,_,_,_,
_,_,_,_,
_,_,_,_,
_,_,_,_,
1,0,1,0
0,1,0,1
0,1,0,1
1,1,0,0
_,_,_,_,
0,0,1,0
0,0,1,0
0,0,9,0
0,0,0,7
0,0,0,7
3,0,3,0
0,3,3,0
0,2,0,2
0,1,0,3
0,1,0,2
0,3,0,0
0,0,0,3
0,0,0,3
0,0,1,2
0,1,0,2
2,0,0,1
0,1,0,0
0,0,1,1
0,1,0,1
1,1,0,0
0,1,0,1
0,0,1,1
1,0,0,2
1,0,0,0
0,0,0,1
0,0,1,0
0,0,1,0
_,_,_,_,
0,0,2,0
0,2,0,0
2,0,0,0
2,0,0,0
0,0,2,0
_,_,_,_,
0,0,0,1
0,1,0,0
1,0,0,0
1,0,1,0
0,1,1,0
1,0,1,0
1,1,0,0
_,_,_,_,
0,1,0,0
0,1,0,0
0,0,1,0
_,_,_,_,
_,_,_,_,
_,_,_,_,
_,_,_,_,
_,_,_,_,
_,_,_,_,
_,_,_,_,
0,0,0,1
_,_,_,_,
_,_,_,_,
_,_,_,_,
_,_,_,_,
_,_,_,_,
_,_,_,_,
0,0,11,0
0,11,0,0
11,0,0,0
11,0,0,0
0,0,11,0
12,0,0,0
0,0,0,11
3,0,0,0
0,0,1,0
0,0,3,0
0,3,0,0
0,0,0,1
0,0,0,1
0,0,1,0
0,1,1,0
_,_,_,_,
0,0,1,0
0,0,1,0
_,_,_,_,
_,_,_,_,
_,_,_,_,
0,0,1,0
0,0,0,1
0,1,0,0
_,_,_,_,
_,_,_,_,
0,1,0,0
0,0,16,0
15,0,1,0
0,0,3,0
2,0,1,0
3,0,0,0
0,0,2,0
0,0,2,0
2,0,1,0
0,3,0,0
0,0,2,0
0,1,0,1
0,1,0,0
0,1,0,0
_,_,_,_,
_,_,_,_,
_,_,_,_,
_,_,_,_,
_,_,_,_,
_,_,_,_,
1,0,0,0
0,0,0,1
1,0,0,0
0,0,2,0
0,0,0,2
0,0,2,0
2,0,0,0
0,0,2,0
0,1,0,0
0,4,0,0
0,0,4,0
0,0,0,4
0,0,3,0
0,3,0,0
0,0,0,3
2,0,1,0
0,0,3,0
0,0,3,0
2,0,1,0
1,2,0,0
0,2,0,1
0,3,0,0
0,2,0,0
0,0,0,3
0,2,0,1
0,3,0,0
3,0,0,0
0,2,0,1
0,0,2,1
0,3,0,0
0,0,0,1
0,0,0,1
0,0,0,1
1,0,1,0
1,0,1,0
0,1,0,1
1,0,0,1
1,1,0,0
0,1,0,1
1,0,0,0
_,_,_,_,
_,_,_,_,
_,_,_,_,
1,0,1,0
0,1,0,0
0,1,0,1
1,0,1,0
0,1,0,1
1,0,1,0
_,_,_,_,
1,0,0,0
1,0,0,0
1,0,0,0
3,0,0,0
1,0,2,0
1,2,0,0
0,2,0,1
2,1,0,0
2,0,1,0
1,0,3,0
0,2,0,2
2,0,2,0
2,0,1,0
2,0,0,1
0,1,0,2
2,0,1,0
0,2,0,0
2,0,1,0
_,_,_,_,
0,0,1,0
_,_,_,_,
_,_,_,_,
_,_,_,_,
_,_,_,_,
1,0,0,1
0,0,0,2
0,0,2,0
1,0,1,0
0,0,2,0
0,0,1,0
0,1,0,0
0,0,0,1
0,0,2,0
0,2,0,0
1,1,0,0
0,0,0,2
0,1,0,1
0,1,0,1
0,0,1,0
1,0,0,0
1,0,1,0
1,0,1,0
1,0,1,0
0,0,0,1
0,0,0,1
0,0,3,1
0,0,2,0
0,0,0,2
1,0,1,0
0,2,0,2
0,0,0,2
1,0,1,0
_,_,_,_,
0,1,0,1
1,0,1,0
0,1,0,1
_,_,_,_,
_,_,_,_,
_,_,_,_,
_,_,_,_,
_,_,_,_,
0,0,1,0
0,0,1,1
_,_,_,_,
_,_,_,_,
0,1,0,0
0,0,1,0
0,0,1,0
0,0,1,0
0,0,1,0
0,1,0,0
0,0,1,0
0,1,0,0
_,_,_,_,
0,0,1,0
_,_,_,_,
_,_,_,_,
_,_,_,_,
0,2,0,0
0,0,2,0
2,0,0,0
1,1,0,0
3,0,0,0
0,0,3,0
0,2,0,1
0,1,0,2
0,2,0,1
0,1,0,2
0,1,0,1
3,0,0,0
0,0,1,0
1,0,0,1
_,_,_,_,
1,0,1,0
0,0,0,1
_,_,_,_,
0,0,0,1
0,0,2,0
0,2,0,0
0,1,0,0
1,0,0,0
0,0,0,1
0,1,0,0
_,_,_,_,
_,_,_,_,
1,0,0,0
1,0,0,0
_,_,_,_,
0,1,0,0
_,_,_,_,
_,_,_,_,
_,_,_,_,
_,_,_,_,
0,9,0,0
0,0,0,9
0,0,0,9
0,0,0,7
0,1,0,0
1,0,0,0
3,0,1,0
2,2,0,0
2,2,0,0
1,0,3,0
2,0,2,0
0,3,0,0
3,0,1,0
1,0,3,0
3,0,0,0
0,0,3,0
0,0,0,2
2,0,0,0
0,0,0,1
_,_,_,_,
1,0,1,0
0,0,1,1
0,0,2,0
0,0,0,2
1,0,0,0
0,1,0,0
0,0,1,0
0,0,1,1
1,0,1,0
0,1,0,1
0,1,0,1
1,0,1,0
1,0,1,0
_,_,_,_,
1,0,1,0
0,1,0,1
1,1,0,0
1,0,0,0
_,_,_,_,
_,_,_,_,
_,_,_,_,
_,_,_,_,
_,_,_,_,
_,_,_,_,
0,1,0,0
0,0,1,0
1,0,0,0
_,_,_,_,
0,3,0,0
0,1,0,2
1,0,0,2
0,0,2,0
0,1,0,1
0,0,0,2
0,0,0,2
0,1,0,2
0,0,3,0
0,2,2,0
2,2,0,0
2,0,0,0
0,0,0,1
0,1,0,1
0,0,0,1
0,0,0,1
1,0,0,0
2,0,1,0
0,0,1,0
0,0,0,1
1,0,0,1
0,1,0,1
0,0,0,2
1,0,1,0
0,0,2,0
0,2,0,0
0,2,0,0
3,0,0,0
0,2,0,0
0,0,2,0
0,0,0,1
0,1,0,0
0,0,0,1
0,0,1,0
0,0,1,0
2,0,1,0
0,2,0,0
0,0,2,0
0,2,0,0
2,0,0,0
0,0,1,0
0,0,1,0
1,0,0,0
1,0,0,0
0,0,1,0
1,0,0,0
_,_,_,_,
_,_,_,_,
_,_,_,_,
_,_,_,_,
_,_,_,_,
_,_,_,_,
0,1,0,0
0,1,0,0
0,0,1,0
0,1,0,0
0,1,0,0
0,0,1,0
_,_,_,_,
0,1,0,0
0,0,0,12
12,0,0,0
0,0,0,11
11,0,0,0
0,0,0,10
0,0,2,0
2,0,0,0
1,0,1,0
0,1,0,1
1,0,1,0
0,0,2,0
1,0,0,0
0,2,0,0
0,0,0,3
0,0,0,3
0,0,0,3
0,0,0,2
1,0,1,0
0,2,0,0
0,0,0,1
0,0,1,0
0,0,0,1
0,0,0,2
0,0,2,0
0,0,2,0
1,0,1,0
1,0,1,0
0,2,0,0
1,0,1,0
_,_,_,_,
_,_,_,_,
_,_,_,_,
_,_,_,_,
_,_,_,_,
0,2,0,1
0,1,0,2
0,0,0,3
1,0,1,0
0,0,1,0
1,0,0,0
0,0,0,1
0,1,0,1
0,0,3,0
0,0,3,0
0,3,0,0
2,0,0,0
_,_,_,_,
1,0,1,0
0,0,1,1
2,0,0,0
0,1,0,1
0,1,0,0
0,0,0,1
0,1,0,0
0,0,0,1
0,0,1,0
0,0,0,1
_,_,_,_,
_,_,_,_,
_,_,_,_,
_,_,_,_,
0,1,0,0
0,1,0,0
0,0,1,0
0,0,1,0
0,0,0,1
1,0,0,0
0,0,0,1
0,1,0,1
3,0,0,0
0,0,0,4
0,0,0,2
1,0,1,0
0,0,0,2
0,2,0,0
0,2,0,0
0,0,0,2
0,0,2,1
2,0,1,0
1,0,0,2
0,0,2,1
0,2,0,0
0,0,0,2
0,2,0,0
2,0,0,0
0,2,0,0
1,0,0,0
0,0,1,1
1,0,1,0
1,0,0,1
1,1,0,0
_,_,_,_,
0,0,1,1
1,0,1,0
0,0,1,0
0,1,0,0
0,0,1,0
1,0,0,0
0,1,0,1
0,0,0,1
_,_,_,_,
_,_,_,_,
_,_,_,_,
0,0,0,1
0,0,0,10
0,0,10,0
0,1,0,16
17,0,0,0
0,1,0,0
0,1,0,0
0,0,1,0
1,0,0,0
1,0,0,0
0,0,1,0
0,1,0,1
0,1,0,1
0,0,0,2
_,_,_,_,
_,_,_,_,
0,0,1,0
0,0,1,0
0,0,1,0
0,0,1,0
0,0,0,2
0,0,0,2
0,0,0,1
_,_,_,_,
_,_,_,_,
_,_,_,_,
1,0,0,0
0,0,0,1
_,_,_,_,
_,_,_,_,
_,_,_,_,
_,_,_,_,
0,1,0,0
0,0,0,1
0,0,1,0
0,1,0,0
0,0,1,0
0,0,0,1
0,2,0,0
0,2,0,0
2,0,0,0
0,0,2,0
0,0,0,2
0,0,3,0
1,0,2,0
0,0,2,2
0,2,0,2
0,4,0,0
2,2,0,0
2,0,0,2
0,0,2,0
0,0,2,0
0,0,0,1
0,1,0,0
_,_,_,_,
_,_,_,_,
0,0,0,3
3,0,0,0
0,3,0,0
0,1,0,1
0,1,0,1
0,1,1,0
0,1,0,1
1,0,1,0
0,0,1,1
0,0,0,2
1,0,1,0
_,_,_,_,
0,1,1,0
0,0,2,0
_,_,_,_,
0,1,0,1
0,1,0,1
1,0,1,0
_,_,_,_,
_,_,_,_,
_,_,_,_,
_,_,_,_,
_,_,_,_,
0,1,0,0
1,0,0,0
_,_,_,_,
_,_,_,_,
0,0,1,0
0,0,1,0
0,0,1,0
0,0,0,1
_,_,_,_,
_,_,_,_,
4,0,0,0
0,4,0,0
0,0,2,1
0,1,0,2
0,0,0,3
2,1,0,0
1,0,2,0
0,2,0,1
0,3,0,0
0,2,0,0
2,0,1,0
0,2,0,1
2,0,1,0
2,0,1,0
0,1,0,2
1,0,2,0
_,_,_,_,
_,_,_,_,
_,_,_,_,
_,_,_,_,
_,_,_,_,
0,0,3,0
0,0,3,0
0,2,1,0
0,3,0,0
0,0,3,0
2,0,1,0
1,0,0,2
0,2,0,1
0,2,0,1
2,0,1,0
1,0,0,0
_,_,_,_,
1,0,1,0
1,0,1,0
1,0,1,0
_,_,_,_,
_,_,_,_,
_,_,_,_,
_,_,_,_,
_,_,_,_,
_,_,_,_,
1,0,1,0
0,0,1,1
0,2,0,0
2,0,0,0
0,0,0,2
2,0,0,0
1,0,0,0
0,0,0,1
0,0,1,0
1,0,9,0
0,0,9,1
0,2,0,8
0,0,0,10
0,0,0,10
2,8,0,0
0,0,9,1
_,_,_,_,
0,0,1,0
1,0,0,0
0,0,0,1
0,2,0,0
2,0,0,0
0,0,0,2
0,0,0,1
0,1,0,0
0,1,0,1
1,0,0,0
0,1,0,0
_,_,_,_,
1,0,1,0
0,1,0,0
_,_,_,_,
0,0,0,1
_,_,_,_,
0,0,0,132
2,0,130,0
0,128,0,4
2,0,130,0
129,0,3,0
0,132,0,0
2,130,0,0
2,0,129,0
0,131,0,1
0,0,0,132
0,0,0,132
0,129,0,3
132,0,0,0
2,0,130,0
1,0,0,131
4,0,128,0
1,0,131,0
132,0,0,0
0,0,0,132
0,129,0,3
132,0,0,0
0,132,0,0
0,0,0,132
0,132,0,0
0,0,0,132
0,0,132,0
132,0,0,0
0,0,0,132
0,132,0,0
0,0,20,112
132,0,0,0
0,129,2,1
0,0,1,131
0,132,0,0
0,0,0,132
1,130,0,0
131,0,0,0
131,0,0,0
1,127,0,1
0,0,0,129
0,0,129,0
127,0,1,0
0,0,126,2
0,0,0,128
0,0,0,128
0,0,127,0
44,0,82,1
0,1,0,125
0,125,0,0
122,0,2,0
121,1,0,0
0,0,0,122
0,0,1,121
0,1,1,120
0,0,1,121
122,0,0,0
37,0,85,0
1,0,0,121
0,122,0,0
0,121,1,0
0,0,0,122
0,0,0,122
1,0,121,0
2,0,119,1
122,0,0,0
0,1,117,3
9,111,0,1
0,0,0,121
121,0,0,0
0,120,0,1
1,0,1,119
0,0,0,5
0,2,0,3
1,0,4,0
0,3,0,2
0,0,0,5
5,0,0,0
0,0,1,0
1,0,0,0
1,0,0,0
4,0,0,0
0,1,0,0
0,0,1,0
0,0,0,1
0,0,1,0
0,0,0,1
1,1,0,0
0,1,0,1
1,0,0,1
0,1,0,1
0,1,0,1
1,0,1,0
1,0,1,0
0,1,0,1
0,0,1,1
1,0,0,1
0,0,1,0
0,0,0,1
0,1,0,0
1,0,0,0
0,1,0,0
_,_,_,_,
_,_,_,_,
_,_,_,_,
_,_,_,_,
0,1,0,1
0,0,1,0
_,_,_,_,
0,0,1,1
0,2,0,0
0,0,0,2
_,_,_,_,
0,0,0,1
0,0,0,1
0,0,0,1
0,0,0,1
1,0,0,0
1,0,0,0
0,0,0,1
0,0,1,0
0,0,1,0
0,1,0,0
_,_,_,_,
_,_,_,_,
0,0,22,0
0,0,22,0
0,0,0,21
20,0,1,0
1,0,4,0
0,1,3,1
0,2,0,0
3,0,0,1
0,0,2,2
0,3,1,0
1,0,1,0
0,0,0,2
0,1,0,1
0,1,0,1
0,1,0,1
0,2,0,0
0,1,0,1
0,0,1,1
0,2,0,0
0,2,0,0
0,2,0,0
_,_,_,_,
_,_,_,_,
0,1,0,0
0,0,1,0
0,0,0,1
0,1,0,0
0,1,0,0
0,1,0,0
2,0,0,0
2,0,0,0
0,0,2,0
1,0,0,0
1,0,0,0
_,_,_,_,
0,1,0,1
0,0,0,1
0,0,0,1
1,0,0,0
0,1,0,0
1,0,0,0
0,0,1,1
1,0,1,0
1,0,1,0
0,0,1,1
1,0,1,0
1,0,1,0
0,1,0,1
0,1,0,0
0,3,0,2
3,0,2,0
3,0,2,0
0,1,0,2
1,0,3,0
0,0,1,3
0,1,0,0
0,1,0,0
0,1,0,0
0,0,1,0
0,0,1,0
1,1,0,0
0,1,1,0
0,0,1,0
0,0,1,0
1,1,0,0
1,1,0,0
0,2,0,0
_,_,_,_,
_,_,_,_,
_,_,_,_,
1,1,0,0
2,0,0,0
0,0,1,1
0,0,0,2
0,0,2,0
1,1,0,0
_,_,_,_,
0,0,0,1
0,0,1,0
0,1,0,0
0,0,1,0
_,_,_,_,
0,1,0,0
0,1,0,0
0,0,0,1
1,0,1,0
0,0,1,0
0,1,0,0
_,_,_,_,
_,_,_,_,
19,0,0,0
2,0,1,0
0,3,0,0
2,0,0,0
0,0,0,2
0,0,0,1
0,0,1,0
0,0,1,0
0,0,1,0
0,0,1,0
_,_,_,_,
_,_,_,_,
_,_,_,_,
_,_,_,_,
2,0,0,0
1,0,1,0
0,0,0,1
1,0,0,0
0,1,0,0
0,0,1,0
0,0,1,0
0,0,0,1
1,0,0,0
0,1,0,0
0,0,1,0
0,0,0,1
0,0,0,1
2,0,0,0
0,1,0,1
0,1,0,1
1,0,0,1
1,0,0,1
1,0,0,0
0,0,0,1
1,0,0,0
1,0,0,0
_,_,_,_,
_,_,_,_,
_,_,_,_,
_,_,_,_,
_,_,_,_,
_,_,_,_,
0,22,0,0
0,0,0,22
0,22,0,0
20,0,0,0
1,0,19,0
0,14,0,0
0,0,5,0
1,0,2,0
3,0,0,0
2,0,1,0
0,1,0,2
0,0,0,3
0,0,3,0
0,0,0,3
0,3,0,0
3,0,0,0
0,0,3,0
1,0,1,0
0,1,1,0
4,0,0,0
3,0,1,0
4,0,0,0
1,0,0,0
0,0,1,0
0,0,0,1
0,0,0,1
0,1,0,1
0,0,0,2
_,_,_,_,
_,_,_,_,
0,1,0,1
0,1,1,0
1,0,1,0
1,0,1,0
1,0,0,0
0,0,1,0
_,_,_,_,
_,_,_,_,
_,_,_,_,
0,0,2,0
0,1,0,1
0,0,0,2
1,0,1,0
0,0,2,0
2,0,0,0
0,0,1,1
0,2,0,0
0,1,0,1
_,_,_,_,
_,_,_,_,
_,_,_,_,
_,_,_,_,
0,0,0,22
1,0,1,0
0,0,0,2
0,2,0,0
0,0,0,2
0,2,0,0
0,2,0,0
0,0,2,0
0,0,0,2
0,2,2,0
3,0,1,0
2,0,2,0
0,2,0,2
1,0,1,0
0,1,0,1
0,0,0,2
0,0,0,2
0,0,2,0
0,2,0,0
0,0,2,0
0,2,0,1
0,1,0,2
0,3,0,0
0,1,0,2
2,1,0,0
1,0,1,0
0,0,1,1
1,0,0,1
1,0,1,0
0,2,0,0
0,0,2,0
0,2,0,1
2,0,1,0
0,0,0,3
1,0,2,0
_,_,_,_,
1,0,0,0
_,_,_,_,
_,_,_,_,
_,_,_,_,
_,_,_,_,
0,0,3,0
_,_,_,_,
_,_,_,_,
_,_,_,_,
0,0,0,2
0,0,1,1
0,0,2,0
1,0,1,0
1,0,1,0
_,_,_,_,
_,_,_,_,
_,_,_,_,
_,_,_,_,
_,_,_,_,
_,_,_,_,
_,_,_,_,
_,_,_,_,
1,0,0,0
0,1,0,0
0,0,0,1
1,0,1,0
0,1,0,0
0,32,0,0
0,0,0,32
32,0,0,0
0,0,32,0
0,32,0,0
27,0,0,0
0,17,0,0
17,0,0,0
0,17,0,0
0,0,0,14
0,0,4,0
4,0,0,0
0,0,0,5
0,0,3,0
3,0,0,0
2,0,0,0
2,0,0,0
0,2,0,0
1,0,0,1
0,0,1,1
0,1,0,0
2,0,2,0
2,0,1,0
0,2,0,0
0,0,2,0
0,2,0,0
0,0,2,0
3,0,0,0
0,0,4,1
2,0,3,0
4,0,1,0
0,0,3,0
0,0,3,0
2,0,1,0
0,0,0,3
0,0,1,2
0,2,0,1
2,0,1,0
0,2,0,1
0,1,0,1
1,1,0,0
1,2,0,0
0,0,2,0
0,0,0,2
2,0,0,0
0,2,0,0
_,_,_,_,
0,1,0,0
0,0,0,2
1,0,1,0
0,0,0,1
0,1,0,1
1,0,1,0
1,0,0,1
0,1,0,0
2,0,0,0
2,0,0,0
0,0,0,1
0,1,0,0
_,_,_,_,
_,_,_,_,
1,0,4,0
0,0,5,0
0,3,0,1
0,3,0,1
1,0,3,0
0,0,0,1
0,0,0,1
2,0,2,0
0,0,4,0
0,1,2,0
0,0,0,4
0,0,0,4
2,0,1,0
0,0,2,0
0,0,1,1
0,1,0,0
0,0,0,0
0,0,1,0
1,0,0,0
_,_,_,_,
0,0,1,0
0,0,0,1
0,0,1,0
0,0,1,0
1,2,0,0
2,0,1,0
1,0,2,0
2,0,0,0
0,0,0,1
2,0,0,0
2,0,0,0
0,0,0,1
0,0,1,1
0,1,1,0
1,0,0,1
0,1,0,0
0,1,0,0
0,1,0,1
1,0,1,0
1,0,1,0
0,1,0,1
1,0,1,0
0,0,0,2
0,2,0,0
1,0,1,0
_,_,_,_,
_,_,_,_,
_,_,_,_,
_,_,_,_,
1,0,0,0
0,0,0,1
0,1,0,0
1,0,0,0
_,_,_,_,
_,_,_,_,
1,0,0,0
0,1,0,0
0,0,1,0
0,3,0,1
0,3,1,0
0,4,0,0
0,1,0,3
0,3,0,1
0,3,1,0
4,0,0,0
0,1,0,3
0,3,0,1
0,3,1,0
0,0,0,4
0,1,0,3
1,0,0,0
1,0,0,0
0,0,4,0
0,0,4,0
3,0,0,0
0,3,0,0
0,2,0,1
2,0,0,0
0,1,0,1
0,0,0,2
0,2,0,0
3,0,1,0
0,1,0,0
0,0,0,1
1,0,1,0
1,0,0,1
0,0,1,0
0,0,1,0
0,0,1,0
0,0,1,0
0,1,0,0
0,0,1,0
0,0,0,1
_,_,_,_,
_,_,_,_,
_,_,_,_,
0,1,0,0
0,2,0,0
0,0,2,0
0,1,0,0
0,1,0,0
0,1,0,0
0,0,0,1
0,0,1,0
1,0,0,0
_,_,_,_,
_,_,_,_,
1,1,0,0
1,0,0,0
_,_,_,_,
0,2,0,2
0,0,1,0
0,0,0,1
0,0,0,1
0,0,0,1
0,0,1,0
0,0,1,0
1,0,0,0
_,_,_,_,
_,_,_,_,
_,_,_,_,
0,0,10,0
1,9,0,0
1,8,0,0
0,8,0,1
3,0,0,0
0,0,0,3
0,1,0,2
0,0,3,0
3,0,0,0
0,2,0,0
2,0,0,0
2,0,0,0
0,0,0,2
0,0,0,2
0,0,2,0
0,1,0,1
3,0,1,0
3,0,1,0
1,0,3,0
1,0,0,3
0,1,0,2
0,1,0,1
0,2,0,1
2,0,1,0
_,_,_,_,
0,0,1,0
0,1,0,0
1,0,0,0
0,1,0,0
0,3,0,0
0,3,0,0
0,0,1,0
0,1,0,0
0,0,0,3
1,0,0,2
1,1,0,0
0,0,1,0
0,1,0,0
1,0,0,0
1,0,0,0
0,0,1,0
0,0,1,0
_,_,_,_,
0,1,0,1
1,0,0,1
0,0,0,2
0,0,0,2
2,0,0,0
0,0,0,2
0,0,0,2
0,0,0,2
0,0,1,0
0,0,1,0
0,0,1,0
1,0,0,0
1,0,0,0
_,_,_,_,
0,0,1,0
1,0,0,0
1,0,0,0
0,0,0,1
0,1,0,0
0,0,0,1
1,0,0,0
1,0,0,0
0,0,0,1
0,0,1,0
1,0,0,0
0,1,0,0
1,0,0,0
0,1,0,0
0,0,4,0
0,0,0,4
1,0,2,0
0,2,0,1
0,2,0,1
1,0,2,0
0,3,0,2
0,0,5,0
0,0,4,1
0,0,4,1
0,0,0,5
5,0,0,0
1,0,2,0
0,0,0,3
3,0,0,0
0,2,0,1
0,0,3,0
2,1,0,0
0,2,0,1
0,0,2,1
0,0,1,0
0,0,0,1
1,0,0,0
0,1,1,0
0,0,2,0
0,0,2,0
1,0,1,0
3,0,0,0
0,3,0,0
0,1,0,2
2,0,0,0
0,0,2,0
0,2,0,0
0,0,1,0
0,0,2,0
0,1,0,1
0,0,0,1
0,0,0,1
0,0,0,1
0,0,1,0
1,0,0,0
_,_,_,_,
_,_,_,_,
_,_,_,_,
1,0,0,0
2,0,0,0
0,1,0,1
0,0,1,0
0,0,1,0
1,0,1,0
0,2,0,0
0,1,0,1
0,2,0,0
2,0,0,0
_,_,_,_,
_,_,_,_,
_,_,_,_,
0,0,0,1
0,0,1,0
_,_,_,_,
_,_,_,_,
_,_,_,_,
_,_,_,_,
0,1,0,0
0,1,0,0
0,0,0,1
_,_,_,_,
_,_,_,_,
0,1,0,0
0,0,1,0
1,0,0,0
0,0,0,1
0,1,0,0
0,0,0,1
0,7,0,3
10,0,0,0
10,0,0,0
1,0,0,9
0,0,9,0
0,0,9,0
2,0,6,0
3,0,5,0
4,2,0,0
2,0,4,0
4,0,0,0
0,4,0,0
0,2,2,0
0,4,0,0
0,0,0,3
2,0,0,1
1,2,0,0
0,3,0,0
_,_,_,_,
0,0,0,2
1,0,0,0
0,1,0,1
0,1,0,1
0,1,0,1
1,0,0,0
_,_,_,_,
_,_,_,_,
1,0,1,0
0,0,1,0
1,0,1,0
0,2,0,0
2,0,0,0
1,0,1,0
1,0,0,0
1,0,0,0
0,0,1,0
0,1,0,0
0,0,1,0
1,0,0,0
0,0,1,0
0,0,0,1
0,0,0,27
0,27,0,0
0,0,0,27
26,0,0,0
0,0,25,0
25,0,0,0
0,0,25,0
20,0,0,0
1,0,19,0
0,0,0,19
1,0,18,0
0,0,0,19
0,3,0,1
2,0,2,0
0,4,0,0
4,0,0,0
0,0,0,4
3,0,0,1
2,1,0,0
2,0,1,0
0,0,0,2
0,2,0,0
2,0,0,0
0,1,0,3
0,4,0,0
2,2,0,0
1,0,0,0
0,5,0,0
2,0,0,3
5,0,0,0
0,1,0,4
0,1,0,4
0,2,0,1
1,0,2,0
0,0,3,0
2,1,0,0
2,0,1,0
2,0,3,0
0,0,5,0
1,0,3,0
1,0,3,0
0,0,1,3
4,0,0,0
4,0,0,1
1,0,4,0
0,0,3,0
2,0,1,0
2,0,1,0
0,3,0,0
0,0,1,2
2,1,0,0
1,0,0,0
0,0,0,1
1,0,0,0
2,0,2,0
0,0,2,1
0,3,0,1
0,0,2,0
0,2,1,0
0,1,2,0
0,2,0,0
0,2,0,0
2,0,0,0
0,1,0,1
0,0,0,1
0,1,0,0
1,0,0,0
2,0,0,0
0,0,1,0
0,1,0,0
0,0,1,0
0,0,0,1
1,0,0,0
0,0,0,1
0,0,1,0
0,0,1,0
_,_,_,_,
_,_,_,_,
0,1,1,0
0,0,0,1
0,0,1,0
0,1,0,0
0,1,0,0
0,0,1,0
0,0,0,1
0,0,1,0
0,0,2,0
0,0,2,0
0,2,0,0
0,0,0,2
2,0,0,0
2,0,0,0
0,1,0,0
0,1,0,0
1,0,0,0
0,1,0,0
0,0,0,1
0,1,0,0
0,1,0,1
0,3,0,2
5,0,0,0
0,0,3,2
1,1,0,0
0,0,1,1
0,0,1,1
_,_,_,_,
0,1,0,1
0,1,0,1
0,0,1,1
1,0,1,0
0,1,0,1
0,1,0,1
1,0,0,0
0,0,1,0
1,0,0,0
_,_,_,_,
_,_,_,_,
1,1,0,0
0,1,0,1
0,1,0,1
_,_,_,_,
1,0,0,0
1,0,0,0
0,1,0,0
1,0,0,1
0,8,0,0
8,0,0,0
0,2,0,6
0,0,8,0
0,3,0,5
1,0,0,0
_,_,_,_,
0,0,1,0
0,0,0,1
1,0,0,0
_,_,_,_,
0,0,1,0
0,0,1,0
1,0,0,0
_,_,_,_,
0,28,0,1
0,28,0,0
0,0,0,28
0,0,26,0
26,0,0,0
0,25,0,0
14,0,0,0
0,14,0,0
14,0,0,0
0,0,0,6
0,6,0,0
1,5,0,0
0,2,0,4
2,0,1,0
0,2,0,1
0,1,0,2
0,1,0,1
0,1,1,0
7,0,1,0
8,0,0,0
3,0,4,0
0,3,0,0
0,3,0,0
0,1,3,0
0,4,0,0
0,0,1,0
3,0,0,0
0,0,0,3
0,0,0,3
1,0,2,0
4,0,0,0
0,0,4,0
1,0,3,0
0,0,0,4
0,4,0,0
0,0,4,0
3,0,1,0
0,0,0,2
2,0,0,0
1,0,0,0
0,0,1,3
0,2,0,1
1,0,3,0
1,0,3,0
0,0,3,1
1,0,3,0
3,0,1,0
0,2,0,2
0,2,0,0
2,0,0,0
2,0,0,0
0,0,2,0
0,2,1,0
0,2,0,1
1,0,2,0
0,1,0,0
0,1,0,0
1,0,0,0
1,0,0,0
0,0,1,0
0,0,0,1
1,0,0,0
0,0,1,0
0,2,0,0
0,0,0,2
0,0,0,2
_,_,_,_,
0,1,0,2
0,1,1,0
0,0,1,0
0,0,0,1
3,0,0,0
0,0,3,0
0,0,3,0
3,0,0,0
2,0,0,1
2,0,1,0
_,_,_,_,
0,1,0,1
0,1,0,0
_,_,_,_,
0,0,0,1
1,0,0,0
0,1,0,0
1,0,0,0
0,0,0,1
0,0,0,1
0,0,0,1
1,0,0,0
1,0,0,0
0,1,0,0
0,8,0,0
0,1,0,7
7,0,0,1
0,3,0,0
2,0,1,0
0,3,0,0
4,0,0,0
0,0,0,5
4,0,1,0
0,0,3,1
3,0,0,0
3,0,0,0
0,0,0,3
3,0,0,0
0,0,0,3
0,1,0,0
1,0,0,0
0,0,1,0
2,0,0,0
_,_,_,_,
_,_,_,_,
_,_,_,_,
_,_,_,_,
_,_,_,_,
2,1,0,0
0,0,1,1
0,1,0,1
1,0,1,0
0,0,1,1
2,0,0,0
0,2,0,0
0,2,0,0
0,0,1,0
0,0,0,1
1,0,0,0
0,0,0,1
0,0,2,0
2,0,0,0
0,0,0,2
_,_,_,_,
_,_,_,_,
_,_,_,_,
_,_,_,_,
_,_,_,_,
0,1,0,0
0,2,0,0
1,1,0,0
2,0,0,0
1,1,0,0
0,0,1,1
0,1,0,1
_,_,_,_,
0,0,1,0
_,_,_,_,
_,_,_,_,
_,_,_,_,
_,_,_,_,
_,_,_,_,
_,_,_,_,
0,0,0,1
0,0,1,0
0,3,0,0
0,3,0,0
1,0,0,2
3,0,2,0
0,1,0,2
0,0,1,3
4,0,0,0
0,0,0,4
3,0,0,0
0,1,0,2
1,0,0,0
0,0,0,3
0,0,0,3
0,0,3,0
0,2,0,1
1,0,2,0
1,0,1,0
0,2,0,0
0,1,0,1
1,0,2,0
0,0,0,1
1,0,0,0
3,0,0,0
3,0,0,0
0,0,3,0
0,0,3,0
1,0,0,2
0,0,2,1
2,0,0,0
0,0,2,0
1,0,1,0
1,1,0,0
1,0,0,0
0,1,0,0
0,1,0,0
1,0,1,0
1,0,1,0
0,1,0,1
0,0,1,1
0,1,0,0
0,0,1,0
2,0,0,0
0,0,0,2
2,0,0,0
0,0,0,2
_,_,_,_,
_,_,_,_,
_,_,_,_,
_,_,_,_,
_,_,_,_,
_,_,_,_,
0,0,0,1
0,0,0,19
0,0,0,17
0,0,0,17
18,0,0,0
0,7,0,1
0,8,0,0
1,3,0,0
3,0,1,0
0,2,0,2
0,2,0,2
2,0,2,0
0,3,0,1
4,0,0,0
0,0,5,0
0,1,0,4
0,1,0,4
0,3,0,2
2,0,3,0
1,0,3,0
0,2,0,2
3,0,1,0
0,0,2,2
0,3,0,1
1,0,2,0
0,0,2,1
0,1,0,1
1,0,1,0
0,2,0,0
0,0,1,0
1,0,2,0
1,0,2,0
1,0,1,0
4,0,0,0
0,0,0,2
2,0,0,0
2,0,0,0
2,0,0,0
0,0,2,0
0,1,0,1
0,1,0,1
1,1,0,0
1,2,0,0
0,3,0,0
2,0,1,0
_,_,_,_,
0,1,0,0
0,0,1,0
0,0,0,1
0,1,0,0
0,0,1,0
0,0,0,1
1,0,0,0
0,1,0,0
1,0,1,0
0,1,0,1
0,0,0,2
0,0,2,0
0,1,0,1
0,0,0,1
2,0,0,0
0,0,0,2
0,0,0,2
0,0,0,1
0,0,0,1
0,0,0,1
0,0,13,0
0,0,4,0
0,1,3,0
0,0,4,0
1,0,0,3
0,0,4,0
3,0,1,0
2,0,2,0
4,0,0,0
2,2,0,0
0,1,0,2
0,1,0,4
0,4,0,1
3,0,2,0
3,1,0,0
1,0,3,0
2,0,0,0
0,0,2,0
1,1,0,0
0,1,0,1
1,1,0,0
1,1,0,0
1,0,0,0
0,3,0,0
3,0,1,0
0,0,3,0
0,0,0,3
0,1,0,1
2,0,0,0
0,0,3,0
0,1,0,0
1,0,0,0
0,0,0,1
0,0,1,0
1,0,0,2
2,0,1,0
1,0,0,2
0,0,3,0
_,_,_,_,
1,0,0,1
0,1,0,2
0,2,0,1
1,0,2,0
1,1,0,0
1,0,1,0
0,2,0,0
1,0,0,0
1,0,0,0
0,1,0,1
1,0,1,0
0,0,0,1
1,0,0,0
1,0,1,0
0,1,0,1
0,1,0,1
0,1,0,1
_,_,_,_,
_,_,_,_,
_,_,_,_,
0,0,0,1
0,1,0,1
_,_,_,_,
_,_,_,_,
_,_,_,_,
1,0,1,0
0,1,0,1
0,0,0,1
0,0,1,3
4,0,0,0
4,0,0,0
4,0,0,0
4,0,0,0
0,1,0,1
1,0,1,0
0,1,0,1
1,0,1,0
0,0,3,0
3,0,0,0
1,0,2,0
4,0,0,0
0,0,4,0
0,0,4,0
0,0,0,3
1,0,2,0
0,2,0,1
0,1,0,2
0,0,2,0
2,1,0,0
0,0,0,2
2,0,0,0
0,2,0,0
2,0,0,0
0,4,0,0
0,3,0,0
0,1,0,2
0,2,0,1
0,3,0,0
0,3,0,0
0,2,0,0
0,1,0,1
0,2,0,0
0,0,0,2
0,0,2,0
0,0,2,0
1,0,3,0
3,0,1,0
2,0,1,0
0,2,1,0
1,0,1,0
3,0,0,0
0,3,0,0
2,1,0,0
0,1,0,2
0,5,0,2
5,0,2,0
0,1,0,2
_,_,_,_,
_,_,_,_,
0,3,0,0
_,_,_,_,
_,_,_,_,
0,0,0,2
2,2,0,0
2,0,2,0
2,0,2,0
3,0,1,0
0,0,2,0
0,0,0,2
0,1,0,1
0,1,0,1
0,0,1,1
1,0,1,0
0,0,0,1
1,0,0,0
0,0,1,0
0,0,0,1
1,0,0,0
1,0,0,0
0,0,1,0
_,_,_,_,
_,_,_,_,
1,0,0,0
1,0,0,0
0,0,1,0
0,1,0,0
1,0,0,0
1,0,0,0
0,1,0,0
0,1,0,0
_,_,_,_,
_,_,_,_,
1,0,4,0
2,0,1,0
0,0,0,3
1,2,0,0
0,2,0,1
2,0,0,0
1,0,1,0
2,0,0,0
0,0,2,0
1,0,2,0
0,1,0,0
0,0,0,1
0,2,0,0
0,1,0,1
0,0,0,2
1,0,1,0
0,1,0,1
0,2,0,0
1,0,0,1
2,0,1,0
0,1,0,2
1,0,2,0
0,1,0,0
1,0,0,0
0,0,0,1
0,0,0,1
1,0,0,0
1,0,2,0
0,0,1,0
0,0,1,0
0,0,0,1
0,1,0,1
0,0,1,1
0,0,1,1
1,0,1,0
0,1,0,0
0,2,0,0
0,1,0,1
0,0,1,1
0,2,0,0
2,0,0,0
0,0,0,2
0,0,2,0
_,_,_,_,
0,1,0,0
2,0,0,0
0,0,2,0
0,2,0,0
0,0,2,0
1,0,0,0
0,0,1,0
1,0,0,0
_,_,_,_,
0,0,1,0
0,0,0,1
0,5,0,0
0,3,0,2
1,0,0,0
0,0,0,1
1,0,0,0
_,_,_,_,
0,0,0,15
0,0,0,15
0,15,0,0
0,1,0,14
3,0,1,0
1,0,3,0
0,2,0,2
0,3,0,0
0,0,0,3
3,0,0,0
0,3,0,0
4,0,0,0
0,0,2,2
2,0,2,0
2,0,2,0
3,0,2,0
0,1,0,4
1,0,4,0
0,4,0,1
0,3,0,2
3,0,2,0
0,2,0,0
0,2,0,0
_,_,_,_,
_,_,_,_,
_,_,_,_,
_,_,_,_,
0,0,4,0
0,1,0,3
1,0,0,1
0,0,1,1
1,1,0,0
0,0,2,0
1,0,1,0
0,2,0,0
0,3,0,2
0,0,1,4
5,0,0,0
1,3,0,0
0,0,0,1
0,3,0,1
0,0,0,4
1,0,1,0
0,0,1,1
0,0,1,1
0,0,1,1
1,1,0,0
0,0,2,0
2,0,0,0
0,0,0,2
2,0,1,0
1,0,0,1
0,1,0,0
1,0,0,0
0,0,1,0
1,0,0,0
0,0,0,2
0,0,0,2
1,0,0,0
1,0,0,0
_,_,_,_,
0,1,0,0
_,_,_,_,
_,_,_,_,
_,_,_,_,
_,_,_,_,
_,_,_,_,
_,_,_,_,
0,0,36,0
36,0,0,0
0,1,0,35
4,0,0,0
0,4,0,0
0,2,0,0
0,0,2,0
2,0,0,0
3,1,0,0
0,0,1,3
3,1,0,0
3,1,0,0
0,0,3,1
0,3,0,1
0,1,0,2
1,0,2,0
0,0,0,3
0,1,0,0
0,0,0,1
0,0,1,0
1,0,0,0
0,0,0,1
0,0,0,1
1,1,0,0
2,0,0,0
0,2,0,0
1,0,0,0
1,0,0,0
1,0,0,0
0,0,1,0
0,0,0,1
0,1,0,0
0,0,1,0
0,0,0,1
_,_,_,_,
1,0,0,0
0,1,0,0
0,0,1,0
0,0,1,0
0,1,0,1
0,0,0,2
1,0,1,0
1,0,1,0
1,0,1,0
1,0,2,0
0,3,0,0
0,1,0,2
0,0,0,3
1,0,2,0
0,1,0,2
0,2,0,1
0,1,0,1
0,0,3,0
0,3,0,0
2,0,0,0
2,0,0,1
0,3,0,0
1,0,1,0
0,0,0,1
_,_,_,_,
0,0,1,0
0,1,0,0
0,1,0,1
0,0,1,1
0,0,1,1
_,_,_,_,
0,0,1,0
0,0,1,0
0,1,0,1
1,0,0,0
0,0,0,2
0,1,0,1
0,0,2,0
_,_,_,_,
_,_,_,_,
0,1,0,1
0,0,1,1
_,_,_,_,
_,_,_,_,
_,_,_,_,
0,0,0,1
0,1,0,0
0,1,0,0
28,0,0,0
28,0,0,0
26,0,1,0
22,0,0,0
22,0,0,0
0,1,0,20
21,0,0,0
4,0,0,0
0,0,4,0
0,3,0,0
0,0,4,0
0,3,0,1
1,0,3,0
0,2,0,1
1,0,0,2
0,3,0,0
0,0,0,3
1,2,0,0
2,0,2,0
0,0,3,1
0,0,0,4
0,2,0,1
0,3,0,0
0,0,3,0
0,2,0,1
0,0,3,0
1,0,0,2
2,1,0,0
0,2,0,1
2,0,1,0
1,0,2,0
0,0,3,0
2,1,0,0
0,3,0,0
0,0,0,3
0,2,0,1
0,3,0,0
0,0,3,0
3,0,0,0
3,0,0,0
1,0,4,0
3,0,0,0
2,0,1,0
0,0,0,3
1,2,0,0
2,0,1,0
0,4,0,1
5,0,0,0
0,4,0,1
0,0,5,0
0,2,0,2
2,0,2,0
2,0,2,0
4,0,0,0
0,2,0,2
0,3,1,0
0,0,0,1
0,0,2,0
0,0,2,0
0,2,0,0
0,2,0,1
0,0,2,1
0,0,2,1
0,0,2,0
0,1,0,0
0,0,0,2
1,0,0,0
0,0,1,0
0,2,0,0
0,2,0,0
0,0,0,2
0,2,0,0
0,0,0,1
_,_,_,_,
0,1,0,0
0,0,2,1
1,0,0,0
_,_,_,_,
_,_,_,_,
0,0,2,0
0,2,0,0
0,1,0,0
0,1,0,2
0,2,0,1
0,1,0,1
1,0,0,0
0,0,0,1
0,0,0,1
1,0,0,0
0,2,0,1
2,0,1,0
0,2,0,1
_,_,_,_,
_,_,_,_,
_,_,_,_,
_,_,_,_,
_,_,_,_,
0,1,0,0
0,0,0,1
0,1,0,0
0,0,1,0
21,0,1,0
51,0,1,0
0,52,0,0
0,34,0,17
0,0,51,0
0,50,0,1
0,50,0,0
0,0,0,50
0,0,0,50
50,0,0,0
0,4,0,1
0,0,0,5
0,0,0,5
4,0,1,0
4,0,1,0
1,0,0,0
1,0,0,0
1,0,0,0
0,1,0,0
0,0,1,0
4,0,0,0
0,0,0,4
2,0,0,0
0,1,0,1
0,0,0,2
0,0,0,2
1,0,1,0
0,3,0,0
0,3,0,0
3,0,0,0
0,1,0,3
0,0,0,1
0,1,0,0
1,0,0,0
1,0,0,0
_,_,_,_,
_,_,_,_,
1,0,0,0
0,0,0,2
0,2,0,0
0,0,2,0
1,0,1,0
0,1,0,1
1,0,1,0
2,0,1,0
0,3,0,0
2,0,1,0
0,1,0,2
0,0,1,0
0,1,0,0
_,_,_,_,
0,0,0,2
2,0,0,0
0,1,1,0
0,1,0,1
_,_,_,_,
2,0,0,0
0,1,0,0
1,0,0,0
0,0,0,1
_,_,_,_,
0,1,0,1
0,0,0,2
0,1,0,1
0,0,0,1
0,0,1,0
0,0,0,1
0,0,1,0
1,0,1,0
0,0,1,1
0,1,0,1
0,0,0,1
0,0,1,0
0,0,1,0
0,0,1,0
0,1,0,0
_,_,_,_,
_,_,_,_,
_,_,_,_,
_,_,_,_,
0,1,0,0
0,0,0,1
1,0,0,0
0,1,0,0
0,0,1,0
0,0,1,0
0,0,0,1
0,0,1,0
0,0,0,1
_,_,_,_,
0,0,0,19
0,0,19,0
19,0,0,0
0,1,0,5
0,0,1,5
0,0,0,3
1,0,2,0
1,0,4,0
0,0,5,0
0,0,5,0
1,0,3,0
0,1,0,2
0,0,0,3
1,0,0,0
0,1,0,0
0,1,0,0
_,_,_,_,
_,_,_,_,
1,1,0,0
1,0,1,0
0,0,0,2
1,0,2,0
1,0,2,0
2,0,1,0
0,4,0,0
1,0,2,0
0,0,3,0
0,4,0,0
0,0,4,0
0,4,0,0
0,1,0,0
0,0,1,1
0,2,0,0
0,1,0,1
1,0,1,0
2,0,0,0
0,2,0,0
2,0,1,0
0,3,0,0
0,0,2,0
0,2,0,1
0,2,0,0
0,0,0,2
0,0,2,0
0,0,0,3
0,1,0,0
0,0,0,3
0,0,3,0
3,0,0,0
2,0,0,0
2,0,0,0
0,0,0,1
_,_,_,_,
_,_,_,_,
_,_,_,_,
_,_,_,_,
_,_,_,_,
0,1,0,0
1,0,0,0
0,0,1,0
0,1,0,0
0,0,0,1
0,0,1,0
0,1,0,0
0,1,0,0
0,1,0,0
0,4,0,5
5,0,4,0
5,0,4,0
0,0,5,4
1,3,1,0
5,0,0,0
0,5,0,0
3,0,0,2
0,3,0,2
0,0,2,3
3,0,3,0
0,4,0,2
0,6,0,0
0,2,3,0
0,0,0,5
1,0,1,0
1,0,0,4
2,0,3,0
4,0,0,0
0,1,0,4
0,5,0,0
1,0,2,0
0,2,0,0
0,0,2,0
0,0,5,0
5,0,0,0
1,0,3,0
0,0,0,2
0,0,0,2
1,0,1,0
_,_,_,_,
1,0,0,1
1,2,0,0
0,1,0,2
1,0,2,0
0,0,3,0
0,3,0,0
1,0,2,0
0,2,0,1
2,0,0,0
0,0,2,0
1,0,1,0
1,0,1,0
0,1,1,0
0,0,1,1
0,1,0,1
1,1,0,0
0,0,2,0
0,0,0,2
0,0,0,1
1,0,0,0
0,0,0,3
2,0,1,0
0,3,0,0
0,3,0,0
0,0,0,3
0,3,0,0
0,0,2,0
2,0,0,0
2,0,1,0
1,0,2,0
0,0,3,0
0,3,0,0
2,0,1,0
3,0,0,0
0,2,0,0
0,0,2,0
0,1,0,0
0,1,0,1
0,0,0,2
1,1,0,0
1,1,0,0
1,0,0,0
1,1,0,0
0,0,1,1
1,0,1,0
_,_,_,_,
_,_,_,_,
0,0,1,0
_,_,_,_,
_,_,_,_,
_,_,_,_,
0,1,0,1
0,1,0,1
0,0,1,0
0,1,0,0
1,0,0,0
1,0,0,0
_,_,_,_,
0,0,0,1
0,0,0,1
_,_,_,_,
1,0,0,0
0,0,0,1
0,0,19,0
0,0,1,17
0,1,0,2
0,3,0,3
5,0,1,0
0,3,0,4
0,0,6,1
6,0,1,0
4,0,3,0
0,0,4,0
0,0,3,1
3,0,1,0
0,0,0,2
2,0,0,0
2,0,0,0
0,0,2,0
0,0,0,2
0,2,0,0
0,0,0,2
2,0,0,0
0,1,0,2
1,0,2,0
1,2,0,0
2,0,0,1
0,3,0,1
4,0,0,0
3,0,1,0
3,0,0,1
0,0,3,1
0,0,0,3
0,0,3,0
1,0,2,0
0,1,0,0
0,5,0,0
0,4,0,1
0,0,5,0
0,1,1,0
0,1,0,0
1,0,0,0
2,0,0,0
0,2,0,0
0,0,2,0
0,0,2,1
0,1,0,2
_,_,_,_,
1,0,2,0
0,0,2,1
0,1,0,2
1,0,0,0
0,1,0,0
1,0,0,0
0,0,3,0
0,3,0,0
0,0,0,3
0,3,0,0
_,_,_,_,
_,_,_,_,
_,_,_,_,
0,0,0,1
1,0,1,0
2,0,0,0
1,1,0,0
0,2,0,0
2,0,1,0
0,0,0,3
0,0,1,1
1,0,0,1
_,_,_,_,
0,0,0,2
0,2,0,0
_,_,_,_,
0,0,1,0
0,0,1,0
0,1,0,0
1,0,1,0
0,0,0,1
0,0,0,1
_,_,_,_,
_,_,_,_,
0,30,0,1
30,0,0,0
29,0,0,0
1,0,26,0
26,0,1,0
0,5,0,2
0,5,0,2
0,2,0,5
3,0,4,0
0,2,0,3
0,0,2,3
2,0,3,0
1,0,3,0
4,0,0,0
0,4,0,0
1,0,4,0
3,2,0,0
1,0,0,0
1,0,0,0
0,0,1,0
0,1,0,0
0,1,0,0
0,0,0,1
0,0,1,0
0,0,0,1
0,1,0,3
0,3,0,0
0,0,0,4
4,0,0,0
4,0,0,0
0,0,3,0
0,1,0,2
4,0,0,0
1,0,0,0
0,0,1,0
0,0,0,1
0,0,0,1
0,0,0,3
0,0,0,2
0,1,0,0
0,0,0,1
0,0,1,0
0,0,1,0
1,0,0,0
2,0,0,0
0,0,0,2
0,0,3,0
0,0,2,0
0,1,0,1
0,0,3,0
0,0,2,0
2,0,0,0
0,0,2,0
0,1,0,1
1,0,1,0
2,0,0,0
1,0,0,1
3,0,0,0
0,3,0,0
0,0,0,1
0,1,0,0
0,0,1,0
_,_,_,_,
_,_,_,_,
_,_,_,_,
_,_,_,_,
1,1,0,0
0,0,2,0
0,1,0,1
0,0,1,0
2,0,0,0
0,1,0,1
1,0,1,0
1,0,1,0
1,0,1,0
0,1,0,0
2,0,0,0
0,1,0,1
0,2,0,2
0,2,0,2
2,2,0,0
2,0,0,2
0,3,1,0
0,0,0,1
0,1,0,0
1,0,0,0
0,0,0,1
0,0,0,1
0,0,1,1
1,0,1,0
0,1,0,0
0,1,0,0
_,_,_,_,
_,_,_,_,
0,1,0,27
0,0,28,0
27,0,1,0
1,0,0,26
7,0,1,0
0,0,8,0
0,3,0,5
0,0,3,5
0,7,0,1
0,6,0,1
0,1,0,4
0,4,0,1
1,0,4,0
1,0,4,0
4,0,2,0
1,0,5,0
0,0,0,6
0,5,1,0
5,0,0,0
0,0,5,0
0,0,5,0
4,0,0,1
0,0,0,4
1,0,2,0
2,1,0,0
0,0,3,0
1,0,2,0
4,0,0,1
4,1,0,0
4,0,1,0
0,3,0,0
0,1,0,2
2,0,0,1
1,0,1,0
1,0,0,1
0,0,3,0
0,3,0,0
2,0,1,0
0,1,0,3
0,0,2,0
2,0,0,0
2,0,0,0
0,0,0,2
0,2,0,0
0,0,2,0
0,0,0,3
0,0,0,1
0,0,1,0
1,0,1,0
0,0,2,0
0,2,0,0
0,0,2,0
0,0,4,0
0,0,4,0
0,3,0,1
1,0,3,0
0,0,0,4
4,0,0,0
0,0,0,4
0,4,0,0
0,3,0,1
0,0,0,4
3,0,0,0
0,0,0,2
0,2,0,0
2,0,0,0
1,0,2,0
0,0,2,1
2,0,0,0
0,0,2,0
0,2,0,0
0,0,2,0
0,0,1,2
0,0,3,0
0,0,1,0
0,1,0,3
0,0,0,2
0,1,0,2
0,0,0,1
1,0,0,0
0,3,0,0
0,3,0,0
1,2,0,0
0,3,0,0
0,3,0,0
0,2,1,0
0,0,0,3
3,0,0,0
0,3,0,0
3,0,0,0
_,_,_,_,
_,_,_,_,
_,_,_,_,
1,0,2,0
0,1,0,2
1,0,2,0
1,0,0,0
0,1,0,0
2,0,0,0
0,0,2,0
0,0,0,2
0,1,0,1
1,0,1,0
_,_,_,_,
0,0,0,2
0,0,2,0
0,2,0,0
1,0,1,0
1,0,1,0
0,2,0,0
0,1,0,1
1,0,1,0
0,1,0,1
0,2,0,0
0,1,0,1
0,0,1,1
1,0,0,1
0,0,1,0
1,0,0,0
0,0,2,0
0,0,2,0
0,0,1,0
0,1,0,0
0,0,0,1
0,2,0,0
0,0,1,1
0,0,0,1
_,_,_,_,
0,0,0,1
2,0,1,0
3,0,0,0
0,0,2,1
1,0,0,2
1,0,2,0
2,1,0,0
0,5,0,0
0,1,4,0
5,0,0,0
0,4,0,1
0,5,0,0
1,0,4,0
4,0,1,0
0,0,5,0
0,0,2,0
0,0,0,5
0,3,0,0
0,0,3,0
1,0,2,0
2,0,0,0
0,3,0,0
2,0,1,0
0,1,0,2
0,2,1,0
0,0,2,0
0,2,0,0
0,0,2,1
1,0,0,0
0,1,0,0
0,0,0,1
0,1,0,3
0,0,1,3
0,0,0,4
0,4,0,0
0,0,2,0
0,0,2,0
4,0,0,0
4,0,0,0
1,0,0,0
0,0,2,0
0,0,0,2
2,0,0,0
1,0,0,0
0,0,1,0
0,0,1,0
0,0,0,1
0,2,0,0
0,0,1,1
1,0,1,0
0,0,3,0
0,1,0,2
0,0,0,1
0,1,0,0
0,0,0,1
_,_,_,_,
0,1,0,1
0,2,0,0
0,1,0,0
0,0,0,1
0,0,1,0
0,1,0,0
0,1,0,0
1,0,0,0
0,0,0,1
_,_,_,_,
_,_,_,_,
_,_,_,_,
1,0,0,0
0,1,0,0
0,0,0,1
0,1,0,0
0,1,0,0
_,_,_,_,
_,_,_,_,
_,_,_,_,
_,_,_,_,
0,0,0,1
0,0,0,1
0,0,1,0
1,0,2,0
0,1,0,1
0,1,1,0
0,0,0,8
0,6,0,2
2,0,6,0
0,0,0,5
0,5,0,0
0,0,5,0
1,0,0,4
0,2,0,1
3,0,0,0
0,0,0,3
3,0,0,0
0,0,2,1
0,0,0,5
3,0,2,0
0,0,3,0
0,2,0,1
0,0,0,3
0,0,0,3
0,0,0,2
_,_,_,_,
0,2,0,3
1,0,3,0
3,0,0,1
0,0,0,4
3,0,1,0
0,1,3,0
0,2,1,0
0,1,0,3
0,2,0,0
1,0,1,0
0,1,0,1
0,0,2,0
2,0,0,0
0,2,0,0
0,2,0,0
0,0,0,1
0,0,1,0
1,0,0,0
1,0,0,0
0,3,0,0
0,0,2,0
0,2,0,0
0,1,0,1
1,0,1,0
0,2,0,0
0,1,0,1
0,3,0,0
0,0,0,3
3,0,0,0
3,0,0,0
0,0,2,0
2,0,1,0
0,0,0,3
1,0,0,1
0,1,0,1
2,0,0,0
0,2,0,0
1,0,1,0
0,1,0,1
0,0,0,1
0,1,0,0
0,0,0,1
0,1,0,0
0,0,1,1
0,1,0,1
0,2,0,0
2,0,0,0
0,0,0,1
1,0,0,0
0,1,0,0
0,1,0,0
0,0,1,1
0,2,0,0
0,0,0,2
_,_,_,_,
_,_,_,_,
1,0,0,0
0,0,0,1
0,0,1,0
0,0,1,0
1,0,1,0
1,0,0,0
_,_,_,_,
_,_,_,_,
_,_,_,_,
0,0,0,1
0,1,0,1
1,0,1,0
1,0,1,0
1,0,0,0
0,0,0,1
1,0,0,0
_,_,_,_,
_,_,_,_,
0,0,0,1
0,0,0,1
0,0,0,1
0,1,0,0
_,_,_,_,
0,0,1,0
39,0,0,0
0,39,0,0
0,5,0,1
4,0,0,2
1,0,5,0
2,0,0,0
0,0,3,0
3,0,0,0
3,0,0,0
0,2,0,2
0,0,0,4
0,2,0,2
2,2,0,0
0,4,0,0
4,0,0,0
0,0,1,1
2,0,0,0
1,0,1,0
0,5,0,0
1,2,0,0
0,5,0,0
5,0,0,0
3,0,2,0
5,0,0,0
0,2,0,3
3,0,0,2
0,5,0,0
0,5,0,0
0,0,5,0
5,0,0,0
0,3,0,2
1,0,4,0
0,5,0,0
0,0,5,0
0,0,0,5
2,0,3,0
0,2,0,0
0,2,0,0
0,0,0,2
0,1,0,2
0,0,1,0
0,0,1,0
0,0,1,0
0,0,2,0
1,0,1,0
0,1,0,2
2,0,1,0
0,0,1,2
0,0,3,0
1,0,2,0
0,1,0,0
0,0,0,1
0,1,0,0
3,0,0,0
0,3,0,0
0,3,0,0
0,1,0,1
0,1,1,0
0,0,0,1
2,0,0,0
2,0,0,0
0,1,0,0
0,1,0,0
0,0,1,0
3,0,0,0
1,0,1,0
_,_,_,_,
_,_,_,_,
_,_,_,_,
0,0,0,1
1,0,0,0
0,0,1,0
0,0,0,1
0,0,0,1
0,1,0,1
_,_,_,_,
_,_,_,_,
_,_,_,_,
_,_,_,_,
0,0,2,0
0,0,2,0
0,0,0,2
0,0,0,2
1,0,0,0
0,0,1,0
0,1,0,0
_,_,_,_,
_,_,_,_,
0,2,0,0
0,2,0,0
0,0,2,0
1,0,0,0
0,0,0,1
0,0,0,1
1,0,0,0
0,0,0,1
_,_,_,_,
_,_,_,_,
_,_,_,_,
_,_,_,_,
_,_,_,_,
_,_,_,_,
1,0,0,0
0,0,0,1
6,0,0,1
6,0,1,0
0,1,0,0
_,_,_,_,
_,_,_,_,
0,30,0,0
0,0,0,30
30,0,0,0
30,0,0,0
0,0,0,30
29,0,1,0
0,4,0,0
0,2,0,2
2,0,2,0
0,0,0,2
0,0,2,0
0,7,0,0
0,4,0,3
0,0,4,0
0,0,4,0
0,4,0,0
0,0,1,0
0,1,0,0
1,0,0,0
0,3,0,0
1,2,0,0
0,1,2,0
1,0,2,0
0,2,0,1
0,0,0,4
4,0,0,0
0,3,0,0
0,0,0,3
0,3,0,0
0,0,3,0
3,0,0,0
0,1,2,0
0,0,4,0
0,0,4,0
2,0,0,0
0,0,0,2
0,0,0,2
0,2,0,0
0,0,2,0
0,0,2,0
0,3,0,0
0,0,1,2
1,0,1,0
0,1,0,2
1,0,1,0
0,3,0,0
0,1,2,0
3,0,0,0
1,0,0,2
1,0,2,0
2,1,0,0
0,0,0,1
2,0,0,0
2,1,0,0
0,1,0,0
0,0,0,1
0,1,0,0
0,0,0,1
0,0,2,0
0,0,0,2
_,_,_,_,
1,0,0,0
2,0,0,0
0,1,0,1
0,1,0,0
0,0,0,1
1,0,1,0
1,1,0,0
0,1,1,0
1,0,1,0
0,1,0,1
_,_,_,_,
_,_,_,_,
0,0,1,0
0,0,0,1
0,0,1,0
0,0,0,1
0,0,0,1
0,0,0,1
0,0,0,32
1,0,31,0
0,0,29,0
1,0,28,0
0,0,0,9
0,9,0,0
9,0,0,0
0,6,0,3
0,0,1,2
0,2,0,0
0,0,2,0
0,2,0,0
0,0,0,2
0,0,3,0
4,0,0,0
4,0,0,0
0,4,0,0
0,1,0,4
0,1,0,4
0,1,4,0
3,1,0,0
0,3,0,1
0,2,0,0
0,1,0,1
0,1,0,1
0,0,3,2
0,0,2,3
0,0,4,0
0,4,0,0
0,2,0,2
2,0,0,1
0,1,0,3
0,0,2,1
0,1,0,2
2,1,0,0
0,3,0,1
0,4,0,0
0,1,0,3
1,3,0,0
4,0,0,0
3,0,1,0
0,2,0,0
2,0,0,0
0,2,0,0
0,0,0,2
0,0,0,2
1,0,1,0
0,1,0,1
3,0,0,0
0,0,3,0
0,3,0,0
0,1,0,2
0,0,0,3
0,3,0,0
0,1,1,0
1,0,1,0
0,2,0,0
0,1,0,1
3,0,0,1
0,3,0,1
0,0,3,1
2,0,1,0
0,2,0,1
2,0,0,1
0,2,0,1
0,1,0,1
0,1,0,1
0,2,0,0
2,0,0,0
0,1,0,0
0,0,2,0
3,0,0,0
0,3,0,0
_,_,_,_,
_,_,_,_,
0,0,2,0
1,0,0,1
1,0,0,0
0,0,1,0
0,0,0,1
0,2,0,0
0,1,1,0
0,2,0,0
_,_,_,_,
_,_,_,_,
_,_,_,_,
_,_,_,_,
_,_,_,_,
_,_,_,_,
_,_,_,_,
0,2,0,0
2,0,0,0
0,0,0,1
0,1,0,0
0,1,0,0
0,1,0,0
0,1,0,0
0,1,0,0
34,0,0,0
34,0,0,0
0,33,0,1
34,0,0,0
0,1,0,33
0,0,0,33
0,0,0,17
0,8,0,2
8,0,0,2
0,0,0,10
1,0,5,0
3,3,0,0
0,0,4,0
0,0,0,4
0,0,3,0
0,1,0,2
1,0,3,0
3,1,0,0
1,2,0,0
0,4,0,0
4,0,0,0
0,0,4,0
3,0,0,0
2,0,0,1
0,0,0,3
3,0,0,1
0,1,0,3
0,2,0,2
2,0,0,2
0,0,1,0
0,1,0,0
0,0,3,0
0,2,0,1
2,1,0,0
1,0,3,0
0,3,1,0
4,0,0,0
4,0,0,0
1,0,0,2
0,1,0,0
0,0,0,1
0,0,1,0
1,0,0,0
0,0,2,0
0,1,0,1
0,0,0,2
0,1,0,2
0,1,2,0
1,2,0,0
0,3,0,0
0,0,3,0
0,0,3,0
0,0,2,1
0,1,0,1
0,0,0,2
0,2,0,0
0,7,0,0
0,2,0,5
0,9,0,0
0,7,0,2
2,7,0,0
2,0,0,0
0,0,2,0
0,0,1,0
0,1,0,0
0,0,0,1
1,0,2,0
0,0,3,0
0,0,0,3
1,0,2,0
0,3,0,0
2,0,1,0
0,0,0,1
0,1,0,0
2,1,0,0
0,1,0,2
1,0,1,0
0,1,0,1
_,_,_,_,
0,1,0,0
0,2,0,0
1,0,1,0
0,1,0,0
1,0,0,0
0,0,1,0
0,0,0,1
0,1,0,0
0,0,0,1
1,0,0,0
1,0,0,0
0,0,1,0
0,0,1,0
1,0,1,0
_,_,_,_,
_,_,_,_,
_,_,_,_,
_,_,_,_,
_,_,_,_,
_,_,_,_,
0,0,1,0
1,0,0,0
0,1,0,0
1,0,0,0
0,1,0,0
0,0,0,1
0,0,0,7
0,6,0,3
0,0,9,0
9,0,0,0
0,0,9,0
0,0,9,0
9,0,0,0
0,7,0,2
0,0,8,1
0,0,9,0
9,0,0,0
0,0,9,0
0,0,9,0
0,2,0,2
3,0,1,0
0,4,0,0
2,0,2,0
0,5,0,0
5,0,0,0
0,0,5,0
2,0,0,2
2,2,0,0
0,4,0,0
2,0,2,0
0,4,0,0
0,0,3,0
1,0,2,0
0,0,0,3
0,0,1,5
0,0,0,1
1,0,0,0
3,0,0,0
0,2,0,0
1,1,0,0
2,0,0,0
2,0,0,0
0,1,0,1
0,0,0,2
0,0,0,2
0,0,4,0
0,4,0,0
0,0,0,4
0,0,0,1
0,1,0,0
1,0,0,0
0,1,0,0
1,0,0,0
0,0,3,1
2,0,1,0
0,0,0,1
0,2,0,1
0,1,0,0
1,0,0,0
0,1,0,0
2,0,1,0
0,2,0,0
0,0,0,2
0,0,1,0
0,0,1,2
0,2,0,1
3,0,0,0
0,3,0,0
0,0,0,3
_,_,_,_,
0,2,0,0
0,0,0,2
1,0,1,0
0,1,0,0
0,1,0,0
0,0,0,1
0,0,3,0
0,0,0,3
0,0,3,0
0,1,0,0
0,2,0,0
2,0,0,0
_,_,_,_,
_,_,_,_,
0,0,0,2
0,0,1,1
0,0,2,0
_,_,_,_,
_,_,_,_,
_,_,_,_,
_,_,_,_,
0,0,0,1
1,0,1,0
0,0,0,2
0,2,0,0
1,0,0,0
0,0,1,0
0,0,1,0
0,1,0,0
0,0,1,0
0,0,0,1
0,0,0,1
_,_,_,_,
_,_,_,_,
_,_,_,_,
_,_,_,_,
2,0,0,0
0,0,0,2
0,0,0,2
0,5,0,0
0,3,0,2
2,0,3,0
0,0,0,5
0,0,5,0
0,0,0,5
2,0,3,0
0,0,3,0
1,0,2,0
0,0,3,0
0,0,1,1
2,0,0,0
0,0,2,0
1,0,0,1
2,0,0,0
0,0,0,3
0,0,4,0
0,3,0,0
0,3,0,0
3,1,0,0
1,3,0,0
0,3,1,0
0,0,0,3
0,3,0,0
0,3,0,1
0,0,0,3
_,_,_,_,
_,_,_,_,
_,_,_,_,
_,_,_,_,
_,_,_,_,
0,2,0,0
0,0,2,0
0,0,0,2
0,0,2,0
0,0,2,0
2,0,0,0
0,0,0,2
0,0,0,2
2,0,0,2
0,4,0,0
1,0,2,0
0,0,3,0
1,0,1,0
0,3,0,0
1,0,0,0
_,_,_,_,
0,0,2,0
0,0,2,1
0,2,0,1
2,0,1,0
1,0,1,0
2,0,0,0
0,1,0,1
2,0,0,0
1,0,1,0
0,0,0,3
1,1,0,0
0,1,0,1
0,2,0,0
0,1,2,0
2,0,1,0
1,0,0,1
0,1,0,1
1,0,0,1
0,1,1,0
0,0,2,0
0,1,0,1
0,1,0,0
0,1,0,0
0,0,0,1
0,1,0,1
0,0,2,0
1,0,1,0
0,1,0,1
0,0,1,1
0,1,0,0
0,1,0,1
0,0,0,2
_,_,_,_,
_,_,_,_,
_,_,_,_,
1,0,0,1
1,0,1,0
0,1,0,1
0,0,2,0
0,0,2,0
0,0,2,0
_,_,_,_,
_,_,_,_,
1,0,0,0
0,0,0,1
_,_,_,_,
0,1,0,25
0,25,0,0
0,0,0,25
0,0,0,25
5,0,0,0
0,4,0,1
0,5,0,0
5,0,0,0
1,0,2,0
2,0,1,0
0,4,0,2
0,6,0,0
5,0,0,0
4,0,0,0
0,1,0,4
2,0,3,0
3,0,2,0
0,0,0,3
0,0,3,0
0,0,0,4
0,3,0,1
4,0,0,0
3,0,1,0
1,0,3,0
4,0,0,0
0,0,0,1
0,0,1,0
0,1,0,0
2,0,0,1
0,0,0,4
0,3,0,0
0,0,0,3
0,1,0,2
1,0,2,0
0,0,3,0
3,0,0,0
0,2,0,1
0,1,0,2
0,1,3,0
4,0,0,0
0,2,0,0
0,0,2,0
0,0,2,0
0,0,1,1
0,1,1,0
0,1,0,0
1,0,0,0
1,0,0,0
1,0,0,0
3,0,1,0
0,1,3,0
0,0,1,0
0,0,0,2
3,0,0,0
3,0,0,0
1,3,0,0
0,1,0,3
1,0,0,0
0,0,0,1
0,0,0,1
3,0,0,0
0,0,0,3
3,0,0,0
3,0,0,0
0,3,0,0
_,_,_,_,
1,0,1,0
0,0,2,0
_,_,_,_,
_,_,_,_,
0,1,1,0
1,1,0,0
0,0,2,0
2,0,0,0
0,1,0,2
2,0,1,0
0,0,1,1
1,1,0,0
1,0,1,0
0,2,0,0
0,0,1,1
1,0,1,0
0,1,0,0
_,_,_,_,
_,_,_,_,
1,0,0,0
0,0,0,1
1,0,0,0
0,0,1,0
_,_,_,_,
_,_,_,_,
_,_,_,_,
_,_,_,_,
4,0,4,0
0,0,0,8
0,4,4,0
0,0,3,0
3,0,0,0
1,0,2,0
3,0,0,0
0,0,0,3
3,0,0,0
0,1,2,0
1,2,0,0
0,0,2,0
2,0,0,0
1,0,0,3
3,0,1,0
0,3,0,1
0,1,0,5
5,0,1,0
1,0,5,0
0,4,0,2
0,6,0,0
0,0,2,0
0,1,4,0
0,1,0,4
4,0,0,1
1,0,3,0
3,0,1,0
0,0,1,3
4,0,0,0
_,_,_,_,
_,_,_,_,
_,_,_,_,
1,0,1,0
1,0,0,1
1,0,0,4
0,1,0,4
0,1,0,4
0,0,3,5
5,0,0,3
0,5,0,3
0,8,0,0
5,0,3,0
0,7,0,1
7,0,1,0
0,3,0,0
1,0,2,0
2,0,1,0
0,0,1,2
0,2,0,0
0,0,0,2
2,0,0,1
0,0,1,0
0,0,3,0
1,0,0,3
0,0,0,4
0,4,0,0
0,4,0,0
0,3,0,2
2,0,3,0
0,4,0,1
2,0,1,0
1,0,2,0
1,0,2,0
2,0,0,0
0,0,1,0
0,1,0,0
0,0,0,3
0,0,0,2
0,0,0,2
0,0,0,2
0,0,0,1
_,_,_,_,
_,_,_,_,
_,_,_,_,
_,_,_,_,
_,_,_,_,
0,2,0,2
1,0,0,2
0,0,1,1
0,0,0,2
_,_,_,_,
_,_,_,_,
2,0,0,1
0,0,0,3
0,1,0,2
0,0,0,2
2,0,0,0
0,0,0,2
0,0,2,0
0,2,0,0
2,0,0,0
0,2,1,0
0,0,1,2
0,1,0,2
0,1,1,0
0,0,0,1
0,0,1,0
_,_,_,_,
0,5,0,0
0,5,0,0
5,0,0,0
4,0,1,0
0,0,0,2
0,2,0,0
0,2,0,0
0,1,0,0
0,0,1,0
1,0,0,0
0,1,0,0
1,0,0,1
0,0,1,1
1,0,1,0
0,0,1,1
1,0,0,1
1,1,0,0
0,0,1,1
_,_,_,_,
_,_,_,_,
_,_,_,_,
0,0,1,0
_,_,_,_,
1,0,0,0
0,0,0,38
38,0,0,0
0,1,0,37
38,0,0,0
1,0,37,0
0,0,0,38
38,0,0,0
1,0,37,0
37,0,1,0
0,1,0,34
0,0,0,35
36,0,0,0
35,0,1,0
0,0,0,36
36,0,0,0
1,0,35,0
36,0,0,0
0,0,0,35
0,0,0,41
0,0,0,41
41,0,0,0
0,1,0,35
4,0,0,0
1,3,0,0
0,1,0,1
0,2,0,0
1,0,1,0
1,1,0,0
3,2,0,0
5,0,0,0
4,0,1,0
2,3,0,0
1,0,3,0
4,0,0,0
2,0,0,2
0,4,0,0
0,0,4,0
0,4,0,0
0,3,0,0
3,0,0,0
0,3,0,0
0,3,0,0
0,0,3,0
0,0,0,1
0,1,0,2
1,0,0,2
0,1,0,4
_,_,_,_,
3,0,0,0
2,0,0,1
0,1,0,0
0,0,1,0
0,0,1,0
0,1,0,0
0,1,0,0
0,1,0,0
_,_,_,_,
_,_,_,_,
_,_,_,_,
0,2,0,1
0,0,3,0
1,2,0,0
0,2,0,0
1,0,2,0
0,2,0,0
0,0,2,0
0,2,0,0
0,0,2,0
0,0,2,0
0,0,0,2
4,0,0,0
0,0,0,1
0,0,0,1
1,2,0,0
0,0,3,0
0,3,0,0
0,1,0,2
0,0,1,0
0,2,0,0
0,0,1,0
_,_,_,_,
_,_,_,_,
_,_,_,_,
_,_,_,_,
0,2,0,0
0,0,2,0
0,0,1,0
2,0,1,0
1,2,0,0
2,0,1,0
0,3,0,0
0,0,3,0
0,0,1,0
0,0,1,0
0,1,0,0
0,0,1,0
_,_,_,_,
_,_,_,_,
0,1,0,0
0,1,0,0
0,1,0,2
0,0,3,0
0,2,0,1
2,0,1,0
2,0,1,0
1,0,0,0
2,0,0,0
0,0,0,2
0,1,0,1
0,2,0,0
0,0,2,0
1,0,0,0
0,1,0,0
0,1,0,0
0,1,0,0
1,0,0,0
0,1,0,1
0,0,1,0
1,0,0,0
0,0,0,1
1,0,0,0
1,0,0,1
1,0,0,0
0,1,0,0
1,0,0,0
0,0,1,0
0,0,0,1
3,0,0,4
0,7,0,0
0,0,3,3
6,0,2,0
4,3,1,0
0,8,0,0
0,0,8,0
1,0,5,0
2,0,0,3
0,0,0,5
0,0,3,0
0,0,0,5
0,5,0,0
4,0,1,0
0,0,0,5
7,0,0,0
7,0,0,0
3,0,0,4
3,0,3,0
0,0,3,3
0,0,0,6
3,0,3,0
1,0,3,0
0,1,0,3
2,0,0,0
3,0,1,0
2,0,2,0
0,3,0,1
0,0,0,2
0,2,0,0
0,0,2,0
0,1,0,2
1,0,2,0
0,0,0,3
2,0,1,0
0,0,4,0
2,0,0,0
1,0,2,0
2,0,1,0
0,1,0,1
2,2,0,0
0,4,0,0
0,2,0,2
0,0,0,2
0,4,0,0
0,1,0,2
0,2,1,0
2,1,0,0
0,1,0,0
0,0,2,0
1,0,0,1
1,1,0,0
0,1,0,2
0,1,0,2
0,0,0,3
1,0,2,0
0,0,0,2
0,0,0,1
1,1,0,0
0,2,0,0
1,1,0,0
1,0,1,0
1,0,0,0
1,0,0,0
2,0,0,0
1,0,0,1
0,0,2,0
1,0,1,0
0,2,0,0
0,0,2,0
0,0,0,1
0,2,0,0
0,0,1,0
0,1,0,1
_,_,_,_,
0,1,0,0
0,0,0,1
0,0,2,0
0,1,0,1
1,0,0,0
0,1,0,0
_,_,_,_,
_,_,_,_,
_,_,_,_,
0,0,1,0
0,1,0,0
1,0,0,0
6,0,0,0
4,0,0,0
0,4,0,0
0,2,0,0
0,2,0,0
0,2,0,0
0,2,0,0
0,5,0,1
3,0,1,0
0,2,0,2
0,4,0,0
0,3,0,1
2,1,0,0
2,1,0,0
0,0,3,0
4,0,1,0
0,2,0,3
1,0,0,0
0,0,2,0
0,2,0,0
1,0,1,0
2,0,0,0
1,0,1,0
3,0,0,0
3,0,0,0
0,0,0,3
0,1,0,0
0,3,0,0
0,1,0,1
0,1,1,0
0,0,2,0
0,0,0,2
0,0,2,0
0,0,1,3
1,0,1,0
0,0,2,2
0,0,4,0
0,4,0,0
0,0,4,0
0,0,0,2
2,0,1,0
2,0,0,1
0,0,2,0
0,1,0,0
1,0,0,0
1,0,0,0
1,0,0,0
0,0,0,1
1,0,0,0
_,_,_,_,
0,0,3,0
0,0,0,3
0,0,0,2
2,0,0,0
1,1,0,0
0,1,0,0
0,0,1,0
0,0,0,1
0,1,0,2
1,0,1,0
0,0,0,2
0,2,0,0
2,0,0,0
_,_,_,_,
_,_,_,_,
_,_,_,_,
_,_,_,_,
_,_,_,_,
_,_,_,_,
_,_,_,_,
_,_,_,_,
_,_,_,_,
1,0,0,0
_,_,_,_,
0,0,0,1
0,1,0,0
0,1,0,0
38,0,1,0
0,0,0,39
38,0,0,0
0,0,0,3
0,3,0,1
3,0,1,0
0,3,0,1
0,2,0,2
0,3,0,1
1,3,0,0
9,0,0,0
4,0,5,0
0,9,0,0
0,0,9,0
0,6,0,2
4,3,0,0
0,0,5,0
0,1,0,5
0,0,4,1
1,0,4,0
0,1,0,3
1,0,3,0
3,0,0,0
0,3,0,0
3,0,0,0
0,0,3,0
0,3,0,0
0,3,0,0
3,0,0,0
0,3,3,0
0,5,0,0
5,0,0,0
0,4,0,0
0,0,2,0
2,0,2,0
0,4,0,0
1,0,1,0
1,0,1,0
0,0,3,0
0,0,0,2
0,2,0,0
0,0,2,0
0,0,5,0
0,0,5,0
5,0,1,0
3,0,3,0
3,0,0,3
1,0,0,5
3,0,3,0
1,5,0,0
0,4,0,1
2,0,2,0
0,0,0,4
0,1,0,1
1,0,1,0
0,2,0,0
0,0,0,2
_,_,_,_,
0,0,2,2
2,0,2,0
2,0,2,0
0,1,0,0
1,0,1,0
1,0,0,1
0,0,0,2
2,0,1,0
0,0,0,1
1,0,0,2
0,0,0,4
1,0,3,0
0,3,0,0
0,2,0,0
2,0,0,0
0,0,2,0
3,0,0,0
0,0,3,0
0,0,0,1
0,0,0,1
2,0,2,0
0,0,0,2
0,1,0,1
0,1,0,2
0,3,0,0
0,0,4,0
2,0,0,2
0,0,0,1
0,0,1,0
1,0,0,2
3,0,0,0
2,0,0,0
1,0,2,0
2,1,0,0
2,1,0,0
0,0,2,1
2,0,0,0
0,2,0,0
0,0,2,0
2,0,0,0
0,2,0,0
0,1,0,1
0,0,1,1
1,0,0,0
0,0,0,1
0,1,0,0
0,0,0,2
1,0,1,0
0,0,2,0
0,2,0,0
0,0,2,0
0,2,0,0
0,0,0,2
1,0,1,0
0,0,2,1
0,0,1,2
0,3,0,0
0,0,0,3
2,0,0,0
2,0,0,0
0,0,2,0
0,2,0,0
_,_,_,_,
_,_,_,_,
1,0,0,0
0,0,2,0
0,0,1,0
0,0,1,0
1,0,0,1
0,2,0,0
1,0,0,0
1,0,0,0
1,0,0,0
0,0,0,1
0,0,33,0
0,32,0,1
33,0,0,0
32,0,0,1
0,1,0,33
33,0,1,0
34,0,0,0
0,0,34,0
0,11,0,4
0,15,0,0
15,0,0,0
14,1,0,0
1,0,14,0
0,0,1,14
0,0,12,3
0,0,15,0
10,0,4,0
13,0,1,0
0,0,7,7
2,0,12,0
0,4,0,0
0,1,0,3
5,3,0,0
0,3,0,5
4,0,4,0
0,5,0,1
0,5,0,1
0,5,0,0
5,0,0,0
0,5,0,0
0,0,5,0
0,5,0,0
0,0,4,0
0,0,0,4
1,0,0,0
0,0,0,2
1,0,0,0
_,_,_,_,
0,0,4,0
0,0,4,0
0,4,0,0
0,2,0,2
0,0,0,4
2,0,0,0
2,0,0,0
3,0,1,0
1,0,3,0
4,0,0,0
4,0,0,0
2,3,0,0
4,0,1,0
4,0,1,0
1,4,0,0
2,0,1,0
0,3,0,0
0,1,0,0
0,1,0,0
0,1,0,0
0,0,0,3
2,0,0,2
2,2,0,0
0,0,2,0
2,2,0,0
0,0,4,0
0,4,0,0
1,0,2,0
0,0,1,2
0,2,0,1
0,1,0,2
3,0,0,0
2,0,1,0
0,3,0,1
3,0,1,0
0,0,3,0
0,3,0,0
0,1,2,0
0,0,0,3
0,2,0,1
3,0,0,0
0,0,5,0
0,5,0,0
2,0,3,0
5,0,0,0
0,0,3,2
0,0,0,3
0,0,3,0
1,0,0,0
0,0,0,1
0,1,0,0
1,0,0,0
2,0,0,0
0,2,0,0
0,0,0,1
0,0,1,0
0,1,0,0
0,2,0,0
0,0,0,2
0,1,0,2
1,0,0,2
3,0,0,0
0,2,0,0
0,1,0,1
0,1,0,1
0,1,0,1
0,1,0,1
0,0,1,1
0,1,0,1
0,1,0,1
0,2,0,0
0,2,1,0
2,0,1,0
0,2,0,1
0,0,1,0
0,0,1,0
0,0,0,1
0,1,0,0
0,1,0,0
0,0,1,0
0,0,1,0
_,_,_,_,
0,0,0,2
0,0,2,0
0,0,2,0
1,0,0,1
0,1,0,0
0,0,0,1
0,0,0,1
0,0,1,1
0,0,0,1
1,0,1,0
0,0,0,2
0,2,0,1
0,0,1,0
_,_,_,_,
0,0,0,1
0,0,1,1
0,1,0,1
0,2,0,0
0,0,2,0
0,0,1,0
0,2,0,0
1,0,1,0
2,0,0,0
0,0,2,0
0,0,0,2
0,0,1,1
_,_,_,_,
0,0,0,1
0,2,1,0
0,2,0,1
2,0,1,0
1,0,0,0
0,0,1,0
0,1,0,0
0,0,7,0
0,0,7,0
0,0,0,7
0,7,0,0
2,3,0,0
3,0,2,0
0,3,0,2
0,0,0,3
0,3,0,0
0,5,0,0
5,0,0,0
0,0,2,2
4,0,0,0
2,2,0,0
0,0,2,2
0,0,0,4
0,1,0,3
1,0,1,0
3,0,1,0
0,0,0,4
0,0,0,4
0,0,3,0
0,3,0,1
0,0,1,2
2,0,1,0
0,2,0,1
4,0,0,1
0,0,5,0
0,0,0,4
3,0,0,1
0,0,3,1
3,0,1,0
0,1,0,3
1,3,0,0
0,2,1,0
0,3,0,0
2,0,1,0
1,0,2,0
0,0,3,0
0,1,0,1
0,2,0,1
0,0,0,3
0,0,2,0
0,4,0,0
4,0,0,0
0,0,2,0
0,0,2,0
0,2,0,0
0,2,0,0
0,4,0,0
4,0,0,0
0,4,0,0
1,0,3,0
0,4,0,0
2,0,1,0
0,2,0,0
0,0,0,2
2,0,0,0
0,3,1,0
0,3,0,1
0,0,4,0
0,1,3,0
0,1,3,0
0,0,3,0
0,0,0,2
0,2,0,0
0,0,2,0
0,0,2,0
0,2,1,0
0,2,0,1
0,1,0,1
2,0,0,0
0,0,4,0
0,0,2,0
0,0,0,1
1,0,1,0
0,0,0,2
0,0,0,2
0,2,0,0
2,0,0,0
0,0,0,2
2,0,0,0
1,0,1,0
0,1,0,2
3,0,0,0
3,0,0,0
0,3,0,0
0,0,3,0
_,_,_,_,
_,_,_,_,
1,0,0,0
1,0,0,0
1,0,0,0
1,0,0,0
1,0,0,0
0,0,1,0
0,0,0,1
0,2,0,0
0,2,0,0
0,1,0,1
2,0,0,0
1,0,1,0
0,0,0,1
_,_,_,_,
_,_,_,_,
_,_,_,_,
0,1,0,1
0,1,0,0
_,_,_,_,
_,_,_,_,
_,_,_,_,
_,_,_,_,
_,_,_,_,
0,1,1,0
0,0,0,1
_,_,_,_,
1,0,0,0
0,1,0,0
0,1,0,0
1,0,0,0
_,_,_,_,
_,_,_,_,
5,5,0,0
0,5,0,0
0,0,0,5
0,2,0,3
0,0,5,0
0,7,0,0
0,0,0,5
0,0,4,1
0,0,0,5
0,1,0,4
0,0,5,0
1,0,9,0
3,7,0,0
1,0,9,0
3,0,3,0
0,3,0,3
0,0,6,0
0,0,4,2
0,0,4,2
0,3,2,0
0,0,4,0
0,0,3,0
0,3,0,0
8,0,0,0
0,0,3,2
0,0,1,4
0,2,0,3
6,0,0,0
0,3,0,2
0,0,0,4
0,0,3,0
2,0,0,0
2,0,0,0
0,0,0,2
2,0,0,0
0,0,2,0
0,2,0,0
2,0,0,0
0,0,1,1
0,0,0,2
0,0,0,2
2,0,1,0
0,0,0,6
2,0,4,0
0,0,6,0
0,3,0,0
0,0,1,3
1,0,0,3
1,0,0,3
2,0,0,2
0,0,0,4
0,2,0,0
0,1,0,1
1,0,0,0
0,0,1,0
0,1,0,0
0,0,0,1
0,0,0,2
0,1,0,2
2,0,0,1
0,0,0,2
0,0,0,3
0,0,1,0
1,3,0,0
0,2,0,2
0,0,4,0
0,0,0,4
0,0,2,0
2,0,1,0
0,0,0,2
0,3,0,0
0,1,0,0
0,0,1,0
1,0,0,0
0,0,3,0
0,0,0,2
0,0,3,0
0,1,0,2
0,2,0,0
0,0,2,0
2,0,0,0
0,0,2,0
0,0,3,0
0,0,0,3
0,0,3,0
0,3,0,0
0,1,0,1
0,0,0,2
0,0,2,0
1,0,1,0
0,2,0,1
0,1,0,1
2,0,0,0
0,1,0,1
1,0,1,0
0,0,1,1
1,0,0,0
0,1,0,1
0,1,0,0
_,_,_,_,
0,2,0,0
2,0,0,0
0,0,1,0
0,0,0,1
1,0,0,0
0,0,0,2
0,1,0,1
0,0,1,0
0,0,1,0
1,0,0,0
0,0,0,1
_,_,_,_,
_,_,_,_,
1,0,0,0
0,0,0,1
0,41,0,0
0,40,1,0
0,7,0,0
4,0,0,3
0,0,7,0
0,4,0,3
0,0,7,0
6,0,0,1
1,0,0,4
0,1,0,4
6,0,0,0
4,0,2,0
2,0,4,0
0,0,6,0
0,6,0,0
6,0,0,0
0,3,0,1
0,4,0,0
2,0,3,0
0,5,0,0
0,4,0,0
0,0,4,0
4,0,0,0
0,3,2,0
0,0,0,5
2,0,0,2
0,2,0,2
0,0,0,2
0,1,0,1
0,2,0,0
0,3,0,0
0,0,0,3
0,3,0,0
0,3,0,0
0,3,0,0
2,0,0,0
1,0,3,0
0,4,0,0
0,4,0,0
0,2,0,0
0,1,0,2
0,1,0,0
0,0,0,1
3,0,1,0
0,3,0,2
0,1,0,2
1,0,2,0
1,0,2,0
2,2,0,0
4,0,0,0
0,0,0,5
0,3,0,2
0,2,0,3
0,1,0,4
0,0,0,5
0,0,2,0
0,0,0,2
0,0,3,0
0,0,3,0
0,0,0,4
0,3,0,1
0,0,3,1
0,0,1,3
0,0,0,4
0,3,0,0
2,0,1,0
1,0,2,0
0,1,2,0
0,0,3,1
1,0,0,0
0,0,2,0
0,2,0,0
0,0,2,0
0,2,0,0
0,0,2,0
0,0,2,0
0,3,0,0
0,3,0,0
0,0,0,3
0,0,1,2
3,0,0,0
0,0,0,2
0,1,0,1
1,0,1,0
0,2,0,0
0,0,0,1
0,0,1,0
1,0,0,0
0,4,0,1
3,0,2,0
0,0,0,5
0,0,2,3
2,3,0,0
0,2,0,0
2,0,0,0
2,0,0,0
1,1,0,0
2,0,0,0
1,0,1,0
1,0,0,1
0,2,0,0
2,0,0,0
0,1,0,0
0,1,0,0
1,1,0,0
1,1,0,0
0,0,2,0
0,1,0,1
2,0,1,0
_,_,_,_,
_,_,_,_,
0,1,0,0
_,_,_,_,
_,_,_,_,
_,_,_,_,
_,_,_,_,
0,0,1,0
1,0,0,0
1,0,6,0
1,6,0,0
0,4,0,3
3,0,4,0
0,4,0,3
0,0,6,0
0,0,6,0
5,0,1,0
0,0,6,0
0,4,0,2
4,0,0,2
0,0,2,4
0,0,0,5
0,0,1,4
0,0,5,0
1,0,0,4
0,0,0,3
0,2,0,0
0,2,0,0
4,1,0,0
2,0,0,0
0,0,4,0
0,4,0,0
0,0,0,5
0,1,0,3
0,0,0,3
0,0,0,3
0,0,3,0
0,0,0,1
2,0,1,0
5,0,0,0
0,3,0,0
0,1,0,4
2,0,0,0
0,1,0,1
1,0,1,0
0,0,2,0
0,2,0,0
2,0,2,0
0,0,2,0
0,0,2,0
0,0,0,2
2,0,0,0
0,2,0,0
0,1,0,1
2,0,0,1
2,0,1,0
0,2,0,1
2,0,1,0
0,0,3,0
0,1,0,0
0,1,0,1
0,0,0,1
1,0,0,0
0,0,0,1
0,0,2,0
0,0,1,1
2,0,0,0
0,3,0,0
0,0,3,0
0,1,0,0
0,1,0,0
1,0,1,0
0,0,1,1
0,1,1,0
1,0,1,0
_,_,_,_,
_,_,_,_,
0,0,1,0
1,0,0,0
_,_,_,_,
_,_,_,_,
0,1,0,0
0,0,0,1
_,_,_,_,
_,_,_,_,
0,0,1,0
1,0,0,0
0,0,1,0
0,1,0,0
_,_,_,_,
0,0,0,1
0,0,0,1
0,0,0,10
5,5,0,0
0,0,11,0
11,0,0,0
10,0,1,0
4,0,7,0
6,0,5,0
0,6,0,1
5,0,2,0
1,0,6,0
1,0,6,0
0,0,3,1
0,0,4,2
4,0,2,0
0,0,0,6
1,0,5,0
4,0,0,0
0,4,0,0
0,4,0,0
3,0,4,0
0,6,0,1
0,0,0,7
7,0,0,0
0,1,0,5
0,3,0,3
0,6,0,0
0,0,6,0
0,3,0,3
0,0,6,0
0,0,6,0
0,0,3,0
2,0,4,0
4,0,0,0
4,0,0,0
0,4,0,0
0,0,4,0
0,0,0,4
0,0,0,4
0,0,4,0
5,1,0,0
0,0,3,1
1,2,0,0
3,0,0,0
0,1,0,2
0,0,0,3
0,2,0,2
0,0,0,2
0,0,2,0
2,0,0,0
0,1,0,3
0,4,0,0
2,0,0,2
0,1,0,0
0,0,2,0
0,2,0,1
2,0,1,0
2,0,1,0
0,1,0,1
1,0,1,0
1,0,0,1
0,0,0,2
4,0,0,0
3,0,0,0
1,1,0,0
0,2,2,0
0,1,0,2
0,3,0,0
0,0,3,0
3,0,0,0
0,0,1,2
0,1,0,2
0,3,0,0
0,0,0,3
1,0,0,2
0,0,0,2
0,0,0,2
3,0,0,1
2,0,2,0
0,1,0,2
3,0,0,0
0,1,0,2
0,0,2,0
0,0,3,0
0,2,0,1
2,0,1,0
0,1,0,2
0,0,0,1
0,1,0,0
0,0,1,0
0,1,0,0
0,1,0,0
1,0,0,0
1,0,0,0
0,0,2,0
0,0,0,2
2,1,0,0
0,0,1,0
1,1,0,0
0,0,2,0
0,0,1,0
0,0,2,0
0,0,1,0
0,0,0,1
0,1,0,1
0,0,1,1
0,2,0,0
0,0,1,0
0,1,0,0
0,0,0,1
1,0,0,0
0,0,0,1
0,0,1,0
0,1,0,0
_,_,_,_,
0,9,0,0
9,0,0,0
0,5,4,0
0,1,0,8
4,0,0,5
0,3,0,5
5,0,3,0
7,0,1,0
3,0,5,0
3,0,4,0
7,0,0,0
0,0,1,6
0,0,0,7
0,0,4,3
0,2,4,0
0,5,0,1
2,0,0,0
0,0,6,0
1,5,0,0
0,6,0,0
0,5,1,0
0,0,0,6
5,1,0,0
3,0,3,0
3,3,0,0
0,0,5,0
0,3,0,1
0,6,0,0
0,6,0,0
0,5,0,1
6,0,0,0
0,0,0,6
0,0,3,4
7,0,0,0
0,3,4,0
6,0,1,0
0,0,7,0
1,0,0,5
0,6,0,0
0,0,0,6
0,0,3,0
0,0,0,5
5,0,0,0
0,5,0,0
0,0,5,0
0,0,0,5
0,0,1,3
0,0,0,4
0,4,0,0
0,1,0,3
0,0,4,0
0,0,3,1
3,0,1,0
0,0,4,0
0,0,0,4
0,3,0,2
0,5,0,0
1,0,4,0
5,0,0,0
0,5,0,0
0,3,0,0
0,0,0,4
0,4,0,0
1,0,3,0
1,0,2,0
0,0,2,1
1,0,2,0
0,0,3,0
3,0,3,0
0,0,3,0
0,0,0,3
0,0,0,3
0,3,0,0
0,0,3,0
0,1,0,2
0,2,1,0
0,0,0,3
0,4,0,1
0,0,3,0
0,0,3,0
0,1,0,2
0,3,0,0
0,3,0,1
4,0,0,0
0,0,3,0
3,0,0,0
3,0,0,0
3,0,0,0
3,0,0,0
0,0,0,5
0,0,4,0
0,0,2,2
3,0,0,0
0,3,0,0
0,1,0,2
1,2,0,0
2,0,0,0
0,0,2,0
0,1,0,2
0,2,0,1
0,0,0,3
0,0,3,0
0,3,0,0
0,0,0,2
0,2,0,0
0,0,0,1
1,0,0,0
0,0,1,0
3,0,0,0
0,1,0,2
0,1,0,2
0,2,0,1
0,0,2,1
3,0,0,0
0,1,0,1
1,0,1,0
2,0,0,0
2,0,0,0
0,0,3,0
1,0,0,2
3,0,0,0
2,0,1,0
0,1,0,0
1,0,0,0
1,0,0,0
2,0,1,0
1,0,0,2
2,1,0,0
0,3,0,0
0,3,0,0
0,0,0,3
0,0,0,2
0,0,0,1
0,1,0,0
0,1,0,0
0,2,0,0
1,0,1,0
1,0,1,0
1,0,1,0
1,0,1,0
0,0,0,2
0,2,0,0
0,0,2,0
0,1,0,0
0,1,0,0
0,1,0,0
1,0,0,0
0,0,0,1
0,0,0,1
0,5,0,0
0,0,0,5
0,5,0,0
1,0,0,4
0,4,0,5
5,0,4,0
0,0,7,0
5,0,0,2
0,5,0,2
1,9,0,0
7,0,3,0
9,0,0,1
0,0,0,10
0,7,0,3
0,9,0,1
0,1,0,9
1,5,0,0
4,2,0,0
0,0,0,6
3,2,0,0
0,2,3,0
2,0,3,0
0,0,5,0
0,3,0,2
2,3,0,0
0,2,0,3
3,0,0,0
0,5,0,1
1,0,5,0
0,6,0,0
0,5,0,1
0,5,0,1
0,5,0,0
5,0,0,0
3,0,2,0
0,3,0,3
0,0,6,0
1,0,5,0
2,0,4,0
5,0,0,0
0,0,5,0
5,0,0,0
0,0,2,0
0,0,2,0
2,0,0,0
0,2,0,0
0,0,0,2
0,0,0,2
0,0,0,2
1,0,1,0
2,0,0,1
0,5,0,0
0,5,0,0
5,0,0,0
1,0,0,2
0,2,0,1
0,0,3,0
0,2,0,1
0,5,0,0
1,0,4,0
2,3,0,0
5,0,0,0
0,5,0,0
0,0,5,0
0,0,5,0
2,1,0,0
0,0,0,3
0,0,0,4
0,0,0,1
0,0,0,1
1,0,0,0
0,5,0,0
0,0,4,0
0,0,0,3
0,4,0,1
4,0,0,1
0,0,0,5
3,0,0,0
3,0,0,0
3,0,0,0
0,0,0,2
0,3,0,0
3,0,0,0
3,0,0,0
0,2,0,2
0,0,0,4
4,0,0,0
0,0,2,0
0,0,2,0
0,2,0,0
1,0,0,3
1,0,3,0
2,0,0,1
0,2,0,1
2,0,1,0
3,0,0,0
2,0,1,0
0,1,0,1
0,0,3,0
1,0,0,0
0,0,1,2
0,3,0,0
1,0,1,0
2,0,0,0
0,1,0,1
0,0,2,0
0,2,0,0
0,0,0,2
2,0,0,0
0,1,0,2
2,0,1,0
0,2,0,1
0,0,2,0
0,0,0,1
_,_,_,_,
0,0,0,2
0,0,1,0
0,0,0,1
1,0,0,0
_,_,_,_,
_,_,_,_,
_,_,_,_,
_,_,_,_,
_,_,_,_,
_,_,_,_,
50,0,0,0
50,0,0,0
50,0,0,0
0,0,0,50
47,0,0,0
35,0,0,0
0,0,35,0
0,0,0,35
0,0,0,35
0,0,0,35
35,0,0,0
35,0,0,0
0,1,0,32
2,0,2,0
0,2,0,2
0,4,0,3
0,0,4,3
0,3,0,4
0,7,0,0
0,6,0,1
0,0,7,0
0,0,1,5
0,7,0,1
0,8,0,0
0,3,0,2
1,0,3,0
0,6,0,0
5,0,0,0
0,1,2,0
0,2,1,0
2,0,1,0
4,0,0,0
2,0,2,0
0,0,0,4
0,4,0,0
1,0,0,3
0,0,4,0
0,5,0,0
5,0,0,0
0,0,0,5
1,0,4,0
0,0,4,0
0,0,4,0
0,0,2,0
0,0,2,0
1,0,1,0
1,0,4,0
0,0,4,1
0,2,0,1
2,0,0,1
0,3,0,0
0,3,0,0
0,0,0,3
0,3,0,0
0,0,0,3
0,0,3,0
0,0,0,1
0,0,0,1
1,0,0,0
3,0,0,0
0,0,0,3
3,0,0,0
2,0,0,0
0,0,1,1
0,0,2,3
2,3,0,0
0,0,0,5
2,3,0,0
0,3,0,0
3,0,0,0
5,0,0,0
5,0,0,0
0,0,4,0
0,5,0,0
0,5,0,0
0,4,0,1
0,0,0,5
5,0,0,0
0,4,0,0
0,0,4,0
0,0,1,2
2,0,0,1
0,0,0,3
0,1,0,2
3,0,0,0
_,_,_,_,
0,1,1,0
0,0,1,1
1,0,1,0
0,1,0,1
0,0,3,0
0,3,0,0
0,3,0,0
0,2,0,0
2,0,0,0
0,0,0,3
3,0,0,0
0,0,0,3
3,0,0,0
0,0,4,0
0,1,0,1
1,0,1,0
1,0,0,2
0,2,0,1
0,0,0,2
0,0,2,0
0,0,1,0
0,0,0,1
1,0,0,0
0,1,0,0
_,_,_,_,
_,_,_,_,
_,_,_,_,
0,0,1,0
0,0,2,0
0,1,0,0
0,2,0,0
1,0,0,0
0,0,0,1
0,1,0,0
0,0,1,0
_,_,_,_,
1,0,0,0
_,_,_,_,
_,_,_,_,
_,_,_,_,
5,0,6,0
0,0,11,0
6,0,5,0
3,0,6,0
8,0,0,0
5,0,0,4
8,0,1,0
0,0,9,0
0,0,0,6
4,0,2,0
6,0,0,0
0,0,0,6
0,6,0,0
0,0,0,6
4,0,2,0
3,0,0,3
0,0,0,6
0,2,0,5
0,4,0,3
2,0,5,0
0,0,8,0
0,8,0,0
0,0,0,8
0,4,0,0
0,3,0,7
0,7,0,3
0,0,0,10
3,7,0,0
0,2,0,1
4,0,0,0
0,0,0,4
0,2,0,2
4,0,0,0
6,0,0,0
2,4,0,0
0,4,0,3
7,0,0,0
0,4,0,3
4,0,3,0
0,0,0,7
0,0,7,1
4,0,4,0
0,4,0,4
4,0,4,0
0,0,8,0
3,3,0,0
3,0,3,0
0,3,3,0
3,0,0,0
0,1,0,2
0,0,3,0
0,2,0,1
3,0,0,0
0,3,0,0
3,0,0,0
0,0,4,0
0,0,4,0
4,0,0,0
0,0,1,2
0,3,0,0
0,3,0,0
0,0,0,2
2,0,0,0
0,0,4,0
0,4,0,0
0,0,4,0
0,2,0,0
0,0,4,0
0,0,2,0
0,0,4,0
4,0,0,0
3,0,0,0
0,0,2,0
2,0,0,0
0,2,0,0
1,1,0,0
1,0,0,1
0,0,2,0
2,0,0,0
0,0,0,2
0,2,0,0
4,0,0,0
0,2,0,0
1,0,1,0
0,0,2,0
2,0,0,0
0,2,0,1
0,2,0,1
2,0,0,0
0,1,0,1
0,5,0,0
5,0,0,0
0,2,0,3
0,5,0,0
3,0,1,0
0,0,0,2
0,0,0,2
2,0,0,0
1,0,2,0
0,0,1,2
0,0,2,0
0,0,1,0
3,0,0,0
1,0,2,0
1,0,3,0
0,0,0,1
4,0,0,0
1,0,0,0
0,0,0,1
1,0,3,0
1,0,0,3
0,0,0,2
0,0,1,0
2,0,0,0
0,0,0,2
0,0,1,0
3,0,0,0
0,1,0,1
1,0,1,0
0,0,1,1
0,3,0,0
0,0,0,1
0,1,0,0
1,0,0,0
0,0,1,0
0,0,1,0
_,_,_,_,
0,0,1,0
0,0,1,0
0,0,1,0
0,0,0,1
0,1,0,0
0,0,1,0
0,0,0,1
0,0,1,0
0,2,0,0
0,0,0,2
2,0,0,0
0,0,2,0
_,_,_,_,
_,_,_,_,
_,_,_,_,
0,0,1,0
_,_,_,_,
_,_,_,_,
_,_,_,_,
_,_,_,_,
1,0,0,0
_,_,_,_,
0,0,1,0
1,0,0,0
1,0,0,0
1,0,0,0
0,0,1,0
_,_,_,_,
0,0,47,1
48,0,0,0
7,0,2,0
0,5,0,4
0,0,4,5
0,3,0,2
0,4,0,1
2,0,3,0
0,0,7,0
0,1,0,6
0,0,0,5
3,0,2,0
3,6,0,0
6,0,3,0
6,3,0,0
0,0,9,0
0,8,0,1
0,0,4,0
4,0,0,0
0,0,1,5
0,4,0,0
4,0,0,0
0,0,0,5
2,2,0,1
1,0,0,4
4,0,1,0
1,0,4,0
0,5,0,0
0,0,0,5
1,0,0,3
4,1,0,0
0,0,0,5
4,0,0,0
0,1,0,3
4,0,0,0
1,0,3,0
0,3,0,1
0,1,1,0
0,0,0,2
4,0,0,0
0,4,0,0
1,0,3,0
1,0,3,0
0,0,3,2
0,0,4,0
0,0,4,0
2,0,2,0
1,0,0,0
0,0,1,0
2,0,0,0
0,0,2,0
3,0,1,0
0,0,0,4
4,0,0,0
0,1,0,3
0,4,0,0
3,0,1,0
3,0,1,0
1,0,0,0
0,0,1,0
4,0,0,0
0,2,0,0
0,1,2,0
2,0,1,0
0,0,0,1
0,0,0,1
3,0,1,0
1,0,3,0
1,0,0,2
3,0,0,0
2,1,0,0
1,0,0,2
1,0,2,0
1,0,0,0
0,1,0,0
1,0,0,0
0,1,0,1
0,0,0,2
0,1,0,0
0,0,0,1
0,0,0,1
0,1,0,1
1,0,1,0
0,0,0,1
0,2,0,0
0,1,0,0
0,1,0,0
1,0,0,0
0,0,0,1
0,0,0,2
0,0,0,1
0,0,2,0
0,2,0,0
0,0,1,0
0,1,0,0
1,0,0,0
0,0,1,0
_,_,_,_,
_,_,_,_,
_,_,_,_,
_,_,_,_,
1,0,0,0
_,_,_,_,
1,0,0,0
1,0,0,0
0,0,0,1
0,0,0,1
1,0,0,0
0,0,0,1
0,62,0,0
0,0,0,62
0,0,0,62
62,0,0,0
0,0,0,62
0,0,0,61
0,0,0,54
0,0,0,54
0,0,54,0
0,0,33,0
33,0,0,0
0,0,0,33
33,0,0,0
0,0,1,32
0,0,6,0
9,0,0,0
0,0,0,9
0,0,9,0
0,0,0,9
2,0,7,0
6,0,1,0
2,0,5,0
2,0,5,0
2,0,3,0
0,5,0,0
0,7,0,0
0,0,7,0
0,0,7,0
0,0,7,0
0,4,0,0
0,0,0,4
0,3,0,1
0,3,0,1
3,1,0,0
0,2,0,2
0,2,0,3
3,0,2,0
0,4,0,0
3,0,1,0
4,0,0,0
3,0,0,3
6,0,0,0
0,0,0,6
0,4,0,3
6,0,1,0
0,1,0,6
3,0,0,0
0,0,0,3
0,3,0,0
3,0,0,0
0,4,0,0
0,0,0,4
0,0,3,0
3,0,0,0
0,0,3,0
0,0,6,0
0,0,3,0
0,3,0,1
1,0,0,2
3,0,3,0
3,3,0,0
0,3,0,2
3,0,0,0
0,0,0,4
0,1,0,3
0,4,0,0
2,1,0,0
2,0,0,1
1,0,2,0
0,2,0,1
3,0,0,0
3,0,0,0
0,1,0,3
2,0,0,0
2,0,0,0
0,0,0,2
0,1,1,0
0,0,2,0
1,1,0,0
0,0,2,0
1,0,0,1
0,0,0,2
0,0,3,0
1,0,1,0
1,0,3,0
0,2,0,0
1,0,1,0
1,0,1,0
0,0,0,1
0,1,0,1
0,1,0,1
0,0,0,1
2,0,0,0
0,2,0,0
0,0,3,0
1,0,2,0
2,0,1,0
1,0,2,0
0,0,3,0
0,2,0,1
2,0,1,0
2,0,0,0
0,0,0,2
2,0,0,0
2,0,0,0
2,0,0,0
0,0,1,0
0,2,0,0
0,0,1,1
2,0,0,0
0,0,1,0
1,0,0,1
2,0,0,0
0,1,0,0
0,0,0,1
0,1,0,0
_,_,_,_,
_,_,_,_,
_,_,_,_,
0,0,0,3
_,_,_,_,
0,1,0,0
36,0,0,0
36,0,0,0
35,0,1,0
0,0,36,0
0,0,36,0
36,0,0,0
28,0,0,0
27,0,1,0
15,0,0,0
0,0,6,4
0,9,0,1
3,0,3,0
0,2,0,4
4,0,2,0
0,0,0,6
2,0,6,0
8,0,0,0
4,0,0,4
4,0,0,4
6,0,0,0
0,0,4,2
2,0,4,0
0,4,2,0
0,0,2,0
0,2,0,6
0,2,0,2
3,0,3,0
5,0,1,0
0,3,0,3
5,0,1,0
0,0,0,4
0,2,0,2
0,1,0,6
0,4,0,0
0,3,3,0
3,3,0,0
3,0,0,0
0,3,0,0
0,0,3,0
0,0,3,0
1,0,0,0
2,0,2,0
0,2,2,0
0,3,2,0
0,3,0,2
2,3,0,0
0,4,0,0
0,4,0,0
0,4,0,0
0,0,0,4
0,4,0,0
0,0,4,0
4,0,0,0
1,0,0,1
0,3,0,0
0,0,3,0
0,3,0,0
5,0,2,0
0,1,0,3
1,0,0,1
1,0,0,0
0,3,0,1
0,0,4,0
0,4,0,0
0,0,0,4
0,4,0,0
0,0,0,3
0,0,2,0
0,0,0,2
_,_,_,_,
2,0,0,0
0,0,2,0
2,0,0,0
0,0,2,1
0,0,0,2
2,0,0,0
0,0,0,2
1,0,0,1
4,0,0,0
0,2,0,0
0,0,0,2
0,2,0,0
1,0,1,0
0,2,0,0
0,0,2,0
_,_,_,_,
_,_,_,_,
0,2,0,0
0,0,2,0
0,2,0,0
1,1,0,0
2,0,0,0
0,0,0,2
_,_,_,_,
1,0,0,0
0,1,0,0
0,0,0,1
0,1,0,0
2,0,0,0
_,_,_,_,
_,_,_,_,
_,_,_,_,
_,_,_,_,
_,_,_,_,
_,_,_,_,
0,2,0,0
0,1,0,1
0,1,0,1
0,1,0,0
0,0,0,1
_,_,_,_,
_,_,_,_,
0,6,0,0
0,8,0,0
2,0,3,0
0,0,4,1
0,0,5,0
0,5,0,0
0,0,6,0
0,0,5,0
4,0,0,3
0,0,4,3
0,2,5,0
0,4,0,3
0,0,5,2
3,0,0,0
0,0,1,3
0,3,0,1
0,0,5,0
0,0,5,0
3,0,2,0
1,4,0,0
3,0,2,0
0,0,0,5
5,0,0,0
0,4,0,1
0,0,0,5
0,0,4,0
0,4,0,0
0,1,0,3
0,2,0,2
2,0,2,0
4,0,0,0
0,2,0,1
0,1,0,3
0,3,1,0
0,0,0,3
3,0,0,0
1,0,2,0
0,0,1,0
3,0,0,0
0,3,0,0
0,0,3,0
0,3,0,0
0,0,0,2
0,0,3,1
0,4,0,0
3,0,0,0
0,3,0,0
_,_,_,_,
_,_,_,_,
0,1,0,0
0,2,0,0
0,0,0,2
0,2,0,1
0,1,0,0
0,0,0,1
2,0,1,0
_,_,_,_,
_,_,_,_,
0,2,0,0
0,0,0,2
0,1,0,2
2,0,1,0
0,0,0,1
0,1,0,0
0,0,2,0
_,_,_,_,
1,0,0,0
42,0,0,1
42,0,1,0
0,1,42,0
0,0,42,0
13,0,0,0
11,0,2,0
0,0,5,8
0,5,0,8
6,0,0,0
0,6,0,0
6,0,0,0
5,3,0,0
5,3,0,0
3,0,4,0
3,0,0,4
0,7,0,0
0,7,0,0
5,0,0,0
0,1,0,4
5,0,0,0
7,0,0,0
7,0,0,0
7,0,0,0
0,0,0,7
0,5,0,2
0,0,7,0
4,0,1,0
0,0,5,0
0,5,0,0
6,0,0,0
3,0,0,3
0,6,0,0
0,0,5,1
0,4,0,0
0,0,4,0
0,4,0,0
0,0,4,0
0,2,0,2
5,0,0,0
0,5,0,0
3,0,0,0
3,0,0,0
0,5,0,0
0,3,0,2
0,5,0,0
1,4,0,0
0,4,0,1
1,0,4,0
1,0,0,3
0,1,0,3
0,2,0,5
7,0,0,0
0,0,7,0
5,0,2,0
0,7,0,0
0,0,2,5
0,3,0,4
7,0,0,0
5,0,0,0
2,0,0,3
0,3,0,2
0,0,5,0
0,0,4,0
4,0,0,0
0,4,0,0
4,0,0,0
0,1,0,5
0,6,0,0
0,0,6,0
0,2,0,1
0,2,0,1
0,3,0,0
0,0,0,5
3,0,1,0
0,2,0,2
0,4,0,0
2,0,0,0
0,0,0,5
0,0,0,5
3,2,0,0
2,0,3,0
0,0,5,0
3,0,2,0
0,5,0,0
3,0,1,0
3,0,0,1
0,1,0,3
2,0,1,0
3,0,1,0
0,1,3,0
0,4,0,0
5,0,0,0
0,3,0,2
0,0,3,0
4,0,0,0
0,4,0,0
0,4,0,0
0,0,0,4
0,3,0,0
0,0,0,3
0,0,0,3
0,0,2,1
0,0,3,0
2,0,0,1
0,0,3,0
0,0,0,4
_,_,_,_,
0,0,5,0
0,2,0,3
0,1,0,3
0,1,0,2
0,0,4,0
0,3,0,0
3,0,0,0
2,0,0,0
0,0,0,2
0,1,0,0
1,0,1,0
1,0,1,0
0,0,2,0
0,0,1,0
0,0,1,0
_,_,_,_,
_,_,_,_,
3,0,0,0
1,0,2,0
0,0,0,3
0,0,0,3
0,3,0,0
_,_,_,_,
_,_,_,_,
0,0,0,2
0,0,0,2
_,_,_,_,
2,0,0,0
0,2,0,0
0,0,0,1
0,0,0,1
0,1,0,1
0,0,2,0
0,0,1,1
1,0,0,1
0,0,1,0
1,0,0,0
0,2,0,5
0,1,0,6
7,0,3,0
1,0,5,0
0,2,0,4
3,0,0,3
0,0,3,3
6,0,0,0
0,0,6,1
0,2,0,3
5,0,0,0
0,7,0,0
1,0,4,0
0,3,0,2
0,5,0,0
0,5,0,0
0,0,5,0
4,0,0,0
0,2,0,2
0,2,2,0
2,0,2,0
0,0,4,0
0,0,3,0
4,1,0,0
0,0,5,0
0,0,5,0
0,3,0,2
0,0,7,0
4,0,3,0
0,0,1,6
0,0,0,4
0,2,0,0
0,0,0,2
0,0,2,0
0,2,0,0
0,0,0,2
0,0,0,2
0,1,0,2
0,0,2,1
3,0,0,0
0,2,0,1
0,3,0,0
2,0,0,1
0,0,2,0
0,1,0,1
0,0,0,3
0,1,0,2
0,2,4,0
0,0,0,4
3,0,1,0
1,0,3,0
0,3,0,0
0,0,3,0
0,0,0,2
0,0,2,0
0,0,0,6
6,0,0,0
0,0,0,2
0,5,0,0
0,0,5,0
5,0,0,0
5,0,0,0
0,2,0,0
0,0,3,0
0,2,0,0
2,0,0,0
4,0,0,0
0,2,0,2
2,2,0,0
0,2,0,2
4,0,0,0
0,0,1,0
0,0,0,2
0,0,0,2
1,0,2,0
0,0,2,0
2,0,0,0
2,0,0,0
0,0,2,0
0,0,4,0
0,0,3,0
1,0,2,0
0,0,4,0
0,3,0,1
0,1,0,3
1,3,0,0
0,0,3,0
0,1,0,0
0,0,1,0
2,0,0,0
0,0,2,1
3,0,0,0
0,2,0,1
0,4,0,2
0,0,1,0
_,_,_,_,
0,0,0,1
0,0,0,1
0,0,2,0
1,0,0,0
0,0,0,2
2,0,0,0
2,0,0,0
_,_,_,_,
_,_,_,_,
_,_,_,_,
0,1,0,2
0,0,0,1
0,1,0,0
1,0,0,0
0,0,1,0
0,1,0,0
0,0,0,1
0,1,0,0
0,0,1,0
0,0,14,0
0,0,0,14
14,0,0,0
2,12,0,0
0,0,14,0
13,0,0,1
0,2,0,12
0,0,2,12
0,9,0,6
15,0,0,0
12,0,0,3
0,1,0,11
0,0,10,2
11,0,1,0
12,0,0,0
0,12,0,0
1,7,3,0
11,0,0,0
4,0,7,0
0,0,8,0
6,0,1,0
0,2,5,0
0,0,5,0
5,0,0,0
0,3,0,2
5,0,0,0
0,0,1,0
0,0,5,0
0,5,0,0
3,0,2,0
1,4,0,0
0,2,0,2
0,0,4,0
0,0,3,0
0,3,0,0
0,0,0,6
6,0,0,0
0,2,0,3
0,2,0,0
2,0,0,0
0,0,2,0
1,0,0,5
0,0,2,0
0,0,1,1
2,0,0,0
1,0,1,0
0,0,0,6
0,3,0,3
0,0,0,4
_,_,_,_,
_,_,_,_,
0,0,0,4
0,1,0,3
0,1,0,3
4,0,0,0
0,0,4,0
0,0,0,4
4,0,0,0
0,0,0,4
0,1,0,1
1,0,4,0
0,0,0,5
0,0,0,4
4,0,0,0
0,0,0,3
0,3,0,0
0,3,0,0
0,3,0,0
3,0,0,0
0,0,3,0
4,0,0,0
0,0,0,4
_,_,_,_,
0,1,0,0
0,2,0,1
2,0,1,0
0,0,3,0
0,3,0,0
1,0,0,2
1,0,2,0
0,3,0,0
0,0,3,0
0,0,0,3
0,0,1,1
2,0,0,0
0,2,0,0
0,0,3,0
0,1,0,1
0,1,0,1
0,0,1,1
1,0,0,1
0,3,0,0
3,0,0,0
_,_,_,_,
_,_,_,_,
0,0,3,0
0,2,0,0
0,0,0,2
0,1,0,1
0,1,0,1
1,0,0,0
_,_,_,_,
1,0,0,0
1,0,0,0
_,_,_,_,
_,_,_,_,
0,0,0,1
47,0,0,0
46,0,1,0
0,1,0,44
11,0,0,0
0,2,0,4
1,0,5,0
2,0,4,0
6,0,0,0
6,0,0,0
0,0,0,4
0,2,0,3
0,5,0,0
0,0,5,0
7,0,0,0
0,0,0,4
0,3,0,1
0,4,0,0
0,2,0,4
0,7,0,0
0,7,0,0
0,0,6,1
6,0,0,0
4,0,0,0
3,0,0,0
0,3,0,0
2,0,0,0
0,5,0,0
2,0,3,0
1,0,0,4
0,0,0,5
2,0,2,0
0,2,0,0
0,1,0,3
0,4,0,0
0,4,0,0
0,0,0,4
3,0,1,0
2,0,2,0
0,2,0,2
2,0,2,0
0,0,1,1
0,4,0,0
0,0,4,0
3,0,1,0
0,0,4,0
0,0,0,3
1,0,0,1
0,0,0,4
0,2,0,0
3,0,0,0
0,0,2,0
0,2,0,0
0,4,0,0
0,0,2,0
1,0,1,0
0,0,2,0
1,0,2,0
2,0,0,0
0,0,1,1
2,0,0,0
0,1,0,0
0,0,4,0
3,0,1,0
0,1,0,0
0,1,0,2
0,0,0,2
0,0,2,0
0,0,0,1
0,0,1,0
1,0,0,0
1,0,0,2
1,0,0,2
0,1,0,0
2,0,0,0
0,0,0,2
_,_,_,_,
_,_,_,_,
2,0,1,0
3,0,0,0
0,0,1,1
0,3,0,0
3,0,0,0
0,1,0,0
1,0,0,0
1,0,0,0
0,0,0,1
0,1,0,0
_,_,_,_,
0,1,0,0
0,0,2,0
1,0,0,0
_,_,_,_,
0,0,0,1
_,_,_,_,
_,_,_,_,
_,_,_,_,
0,0,5,4
0,0,9,0
9,0,3,0
11,0,1,0
0,10,0,1
0,9,0,3
3,0,0,9
0,4,0,0
0,0,0,4
0,0,0,4
0,8,0,0
7,0,1,0
3,0,5,0
0,2,0,4
0,0,0,6
7,0,0,0
7,0,0,0
0,0,0,7
0,0,4,0
0,3,0,1
3,0,0,1
0,0,4,0
0,3,0,1
0,0,4,0
0,0,0,3
0,0,3,0
0,0,0,3
0,0,5,0
0,3,0,2
0,0,3,0
3,0,0,0
1,0,2,0
2,0,1,0
0,3,0,0
2,0,1,0
0,0,3,0
0,0,0,3
3,0,3,0
5,0,1,0
0,0,4,0
2,0,2,0
0,0,5,0
0,5,0,0
0,0,5,0
2,3,0,0
0,5,0,0
0,5,0,0
2,0,0,0
0,3,0,0
0,3,0,0
0,1,2,0
5,0,0,0
0,0,0,4
0,0,5,0
0,2,0,3
0,6,0,0
0,0,6,0
0,6,0,0
0,0,6,0
0,0,5,1
0,1,0,5
0,0,0,4
0,0,3,0
4,1,0,0
0,0,0,3
0,0,0,4
0,0,0,2
2,0,0,0
0,0,0,4
4,0,0,0
0,2,0,0
0,0,3,0
2,0,0,1
0,3,0,0
0,3,0,0
1,0,1,0
2,0,1,0
1,2,0,0
3,0,0,0
0,0,0,1
0,0,0,1
2,1,0,0
0,0,4,0
2,0,0,0
2,0,0,0
0,0,2,0
1,0,0,0
0,2,0,1
1,0,2,0
0,0,3,0
0,0,2,0
0,2,0,0
0,1,0,0
0,1,0,0
0,0,0,2
1,0,1,0
0,2,0,0
1,0,0,1
0,0,0,2
0,0,3,0
0,0,0,1
1,0,0,0
1,0,2,0
0,2,1,0
0,0,0,1
0,0,0,1
0,2,0,1
0,0,0,2
0,0,0,2
1,0,1,0
0,0,0,2
1,0,1,0
1,0,1,0
0,2,0,0
0,1,0,0
1,1,0,0
0,0,0,1
0,0,0,1
0,16,0,0
0,0,16,0
0,16,0,0
0,0,16,0
4,0,0,12
0,0,16,0
1,0,12,0
2,0,0,10
11,1,0,0
0,0,10,2
5,0,0,0
7,0,0,0
6,0,1,0
4,0,3,0
0,0,0,4
1,0,6,0
3,0,0,0
0,0,0,3
0,4,0,0
0,3,2,0
0,2,0,3
0,4,0,0
0,1,0,3
0,1,0,3
0,0,4,0
0,0,4,0
0,3,0,1
3,0,0,0
0,0,0,5
0,4,0,1
4,1,0,0
0,2,0,0
2,0,0,0
0,1,0,5
0,3,0,1
2,0,2,0
0,4,0,0
4,0,1,0
4,0,1,0
0,4,0,0
0,5,0,0
0,0,1,3
3,0,1,0
0,2,0,0
0,0,2,0
0,0,4,0
0,2,0,1
1,3,0,0
1,0,0,3
0,1,3,0
0,2,0,0
3,0,2,0
0,0,0,3
0,3,0,0
0,0,2,0
2,0,0,0
0,0,1,0
1,0,0,0
2,0,0,1
0,2,0,1
4,0,1,0
0,3,0,2
0,0,0,3
0,3,0,0
0,0,2,0
0,0,0,1
0,2,0,0
0,2,0,1
0,0,2,1
0,0,3,0
3,0,0,0
2,0,0,0
0,0,0,2
2,0,0,0
0,0,0,2
0,2,0,0
0,0,0,2
_,_,_,_,
0,1,0,0
53,0,0,0
0,0,53,0
0,0,0,53
53,0,0,0
53,0,0,0
53,0,0,0
6,4,0,0
4,6,0,0
0,0,10,2
0,12,0,0
0,12,0,0
0,8,0,4
3,0,4,0
1,0,4,0
0,0,0,7
0,0,4,0
0,2,0,0
2,0,0,0
6,0,0,0
0,0,0,6
0,0,6,0
0,1,4,0
0,1,0,4
0,0,5,0
0,4,0,1
0,0,5,0
4,0,2,0
4,0,3,0
4,0,3,0
0,1,0,4
0,0,0,5
1,0,4,0
6,0,0,0
0,0,0,6
5,0,0,0
0,0,0,4
0,3,0,0
0,0,0,3
1,0,0,3
2,0,2,0
0,0,4,0
0,1,0,2
0,3,0,0
3,1,0,0
0,4,0,0
4,0,0,0
0,2,0,0
0,0,2,0
0,0,2,2
3,1,0,0
0,0,4,0
0,3,0,0
0,0,0,3
3,0,0,0
0,0,0,3
0,0,0,2
0,2,0,0
0,3,0,1
1,0,3,0
0,3,0,0
4,0,0,0
2,0,0,0
0,0,0,2
0,1,0,0
0,0,1,0
0,1,0,0
1,0,1,0
0,0,0,2
2,0,0,0
2,1,0,0
0,0,0,2
0,0,1,0
0,0,1,0
0,2,0,2
0,0,0,4
0,0,0,2
_,_,_,_,
3,0,0,0
_,_,_,_,
_,_,_,_,
0,0,1,0
0,1,0,0
1,0,0,0
0,0,3,0
_,_,_,_,
0,0,0,2
0,2,0,0
_,_,_,_,
_,_,_,_,
_,_,_,_,
0,0,1,0
0,1,0,0
1,0,0,0
0,0,1,0
0,1,0,0
0,1,0,0
0,0,1,0
0,0,1,0
_,_,_,_,
_,_,_,_,
_,_,_,_,
12,0,1,0
7,6,0,0
0,7,6,0
1,0,4,0
0,0,5,0
0,5,0,0
6,0,0,0
0,6,0,0
6,0,2,0
0,0,6,0
5,0,1,0
0,0,0,5
0,0,5,0
4,0,0,0
0,0,0,3
0,0,0,6
6,0,0,0
0,0,0,6
2,0,3,0
0,0,0,5
0,3,0,0
0,0,3,0
0,0,0,1
0,0,0,1
0,5,0,0
0,5,0,0
0,0,4,0
3,1,0,0
0,2,0,2
0,4,0,0
0,0,0,5
0,0,5,0
4,0,0,0
0,3,0,2
3,0,2,0
0,0,4,0
2,0,0,2
0,3,0,0
0,0,2,0
0,1,0,4
0,3,0,0
0,0,0,4
2,0,0,0
3,0,2,0
0,3,0,2
1,0,0,0
4,0,0,0
0,0,4,0
0,0,0,2
0,0,2,0
1,0,0,0
2,0,1,0
0,2,0,0
0,0,3,0
3,0,0,0
0,0,3,0
0,1,0,0
3,0,0,0
2,0,0,0
0,1,0,0
0,0,1,0
0,0,0,2
2,0,0,0
1,0,1,0
1,0,1,0
0,0,0,1
0,0,5,0
0,4,0,1
0,58,0,1
59,0,0,0
58,0,1,0
0,1,0,58
0,0,0,59
0,1,0,58
0,59,0,0
0,0,59,0
0,59,0,0
0,0,0,59
0,58,0,1
58,0,1,0
1,6,0,0
0,0,7,0
0,0,7,0
2,5,0,0
0,0,0,7
0,6,0,5
0,6,0,0
0,0,2,5
0,5,2,0
1,0,0,0
0,0,0,8
0,8,0,0
0,0,0,5
0,0,0,5
0,5,0,0
0,0,3,2
0,0,7,0
0,0,7,0
0,4,0,0
2,0,2,0
3,0,0,1
4,0,0,0
0,0,2,0
4,0,1,0
0,0,0,3
0,0,0,2
0,3,0,3
4,0,0,0
0,1,0,3
1,0,2,0
2,0,1,0
0,0,0,4
1,0,3,0
4,0,0,0
0,0,0,4
_,_,_,_,
0,2,0,1
3,0,0,0
1,0,2,0
0,0,0,4
0,0,2,0
0,2,0,0
3,0,0,0
0,3,0,0
0,1,0,3
0,1,0,3
0,0,4,0
0,1,0,0
1,0,0,0
0,1,0,2
0,0,0,3
0,0,3,0
3,0,0,0
2,0,0,0
0,0,2,0
0,3,0,0
1,0,1,0
0,1,0,0
0,0,2,0
0,1,0,0
0,0,3,0
0,0,3,0
0,3,0,0
0,2,0,0
0,1,0,0
0,1,0,0
1,0,0,0
0,1,0,1
0,0,0,1
0,0,0,1
0,1,0,0
0,1,0,0
0,1,0,0
0,0,0,1
4,0,8,0
8,0,6,0
0,0,0,14
0,0,0,7
0,0,0,7
0,5,2,0
2,0,3,0
0,0,0,4
0,0,3,1
0,0,8,0
5,0,0,0
0,3,2,0
0,0,0,4
5,0,3,0
0,0,0,8
2,0,3,0
3,0,0,0
6,0,0,0
3,0,1,0
0,3,0,0
0,2,0,2
0,0,0,4
7,0,0,0
2,0,3,0
0,0,5,0
0,5,0,0
3,0,3,0
0,0,2,2
1,0,2,0
0,3,0,0
0,5,0,0
5,0,0,0
0,1,0,0
0,3,0,0
0,0,1,2
0,4,0,0
0,3,0,0
0,0,0,3
0,0,0,3
0,0,0,3
1,0,0,1
1,1,0,0
0,0,0,2
0,0,2,0
0,2,0,0
4,0,0,0
2,2,0,0
0,0,0,4
0,0,0,2
1,0,1,0
2,0,0,0
3,0,0,0
0,0,0,3
0,0,0,2
_,_,_,_,
_,_,_,_,
0,1,2,0
2,1,0,0
2,0,0,0
_,_,_,_,
_,_,_,_,
1,0,0,0
_,_,_,_,
_,_,_,_,
_,_,_,_,
0,8,0,0
0,0,8,0
0,8,0,0
0,0,8,0
0,2,0,7
0,9,0,0
0,0,6,0
3,0,5,0
0,0,0,8
6,0,1,0
0,0,7,0
0,0,7,0
1,0,6,0
0,0,7,0
9,0,0,0
1,0,0,3
2,5,0,0
7,0,1,0
6,0,0,0
0,5,0,1
0,0,0,1
0,6,0,0
0,0,3,2
0,0,6,0
0,0,6,0
2,0,2,0
0,6,0,0
0,5,0,1
0,1,0,3
0,2,0,0
2,0,0,0
0,0,2,0
4,0,0,0
1,0,3,0
5,0,0,0
0,0,4,0
4,0,0,0
0,0,0,4
1,0,2,0
0,2,1,0
1,0,2,0
0,2,0,0
0,0,2,0
0,0,3,0
0,3,0,0
1,0,2,0
3,0,0,0
3,0,0,3
0,6,0,0
0,0,1,0
1,0,1,0
4,0,0,0
0,1,0,2
0,2,0,1
1,0,0,0
0,3,0,0
0,3,0,1
3,0,0,0
0,1,0,3
_,_,_,_,
0,0,2,0
_,_,_,_,
0,0,0,2
0,0,0,3
1,0,2,0
0,0,2,0
0,0,0,2
0,0,2,0
0,2,0,0
0,0,2,0
0,0,2,0
0,2,0,0
0,2,0,0
1,0,1,0
0,0,0,1
1,0,0,0
1,0,0,0
0,0,0,1
0,0,1,0
_,_,_,_,
0,0,0,1
0,0,1,0
5,0,0,4
0,8,0,7
0,0,7,0
0,0,0,7
5,0,2,0
0,7,0,0
0,0,8,0
5,3,0,0
8,0,0,0
0,1,0,8
1,0,9,0
0,0,0,10
0,0,6,1
0,0,0,6
6,0,0,0
0,3,0,3
5,0,0,0
5,0,0,0
0,0,0,5
5,0,0,0
0,0,0,7
3,0,3,0
4,0,2,0
0,6,0,1
5,0,0,0
0,0,0,5
0,3,4,0
0,7,0,0
0,0,0,3
0,0,0,3
0,2,0,3
0,1,0,4
0,0,0,2
0,1,0,5
5,0,1,0
0,0,0,6
0,2,0,5
0,0,0,4
1,0,2,0
0,6,0,0
0,0,0,6
0,0,3,0
3,0,1,0
1,0,0,0
3,0,2,0
0,2,0,2
0,0,0,2
0,0,4,0
0,0,4,0
0,3,0,1
0,3,0,0
0,0,2,3
0,3,0,2
0,0,0,2
0,3,0,0
3,0,0,0
0,1,0,2
0,0,1,0
0,0,0,1
0,0,2,0
0,0,2,0
1,0,0,0
2,0,0,0
0,0,3,0
0,0,1,0
0,1,1,0
0,0,0,1
0,1,0,5
2,0,0,3
0,5,0,0
0,0,0,7
0,1,0,0
1,0,4,0
3,0,0,0
0,0,4,0
4,0,0,0
0,0,5,0
0,0,0,2
0,0,0,3
0,0,0,1
0,3,5,0
0,0,7,0
0,0,3,3
0,6,0,2
0,0,4,0
0,3,0,1
3,0,0,0
1,0,1,0
_,_,_,_,
0,82,0,0
0,1,0,4
0,0,0,3
3,0,0,0
0,0,2,0
2,0,1,0
0,0,0,2
